218981959,0.9980157,0.023620343,0.024717813,-0.052875597,
218984774,0.99801594,0.023606848,0.02477091,-0.05285531,
219017777,0.998016,0.023609942,0.024775814,-0.052847195,
219019835,-3.3056896e+12,7.0459784e-25,-3.2939705e-19,-3.2982015e-19,
5368579,0,0,1.9103282e-27,9.448596e-37,
60867249,NaN,NaN,2.5243547e-29,7.314553e+29,
2969804994,-1.5912844e+26,7.0959986e-31,3.3756706e+38,-15.965636,
3397190460,1.3025514e+15,7.4349007e-31,3.3758783e+38,-15.038878,
218981959,0.9980157,0.023620343,0.024717813,-0.052875597,
218984774,0.99801594,0.023613272,0.02471597,-0.052875385,
218989774,0.99801564,0.023608612,0.02473001,-0.052875895,
218995775,0.99801654,0.02362494,0.024767606,-0.052834805,
219001775,0.998016,0.023623204,0.02477049,-0.05284419,
219006777,0.99801594,0.023620263,0.024775878,-0.05284336,
219012774,0.99801576,0.023606848,0.02477091,-0.05285531,
219017777,0.998016,0.023609942,0.024775814,-0.052847195,
218981959,0.9980157,0.023620343,0.024717813,-0.052875597,
218984774,0.99801594,0.023613272,0.02471597,-0.052875385,
218989774,0.99801564,0.023608612,0.02473001,-0.052875895,
218995775,0.99801654,0.02362494,0.024767606,-0.052834805,
219001775,0.998016,0.023623204,0.02477049,-0.05284419,
219006777,0.99801594,0.023620263,0.024775878,-0.05284336,
219012774,0.99801576,0.023606848,0.02477091,-0.05285531,
219017777,0.998016,0.023609942,0.024775814,-0.052847195,
218981959,0.9980157,0.023620343,0.024717813,-0.052875597,
218981959,0.9980157,0.023620343,0.024717813,-0.052875597,
218984774,0.99801594,0.023613272,0.02471597,-0.052875385,
218984774,0.99801594,0.023613272,0.02471597,-0.052875385,
219017777,0.998016,0.023609942,0.024775814,-0.052847195,
219017777,0.998016,0.023609942,0.024775814,-0.052847195,
219019835,-3.3056896e+12,8.18496e-31,3.3756187e+38,-14.428039,
219019835,-3.3056896e+12,1.4926437e-30,3.3759302e+38,-14.602355,
3398866748,1.3053002e+15,9.629587e-31,3.3763975e+38,-17.13635,
3405162044,1.0832463e+15,1.5421821e-30,3.6658356,9.4624605e-37,
3404033852,1.0261061e+15,1.1074034e-30,3.3759302e+38,-16.681273,
60867249,NaN,NaN,2.5243547e-29,7.314553e+29,
3404430396,1.06938216e+15,1.2278222e-30,3.3758783e+38,-15.955138,
2969804994,-1.5912844e+26,7.0959986e-31,3.3756706e+38,-15.965636,
3405170748,1.06555105e+15,1.3721947e-30,3.3757225e+38,-14.196837,
3397190460,1.3025514e+15,7.4349007e-31,3.3758783e+38,-15.038878,
218981959,0.9980157,0.023620343,0.024717813,-0.052875597,
218984774,0.99801594,0.023613272,0.02471597,-0.052875385,
320297487,9.448596e-37,9.448654e-37,2.9387e-41,0,
251658240,7.283604e+29,-1.915439e-09,-1.5912844e+26,NaN,
4294967295,1.0133098e+16,-60.269253,-88.50708,7.3441925,
218981959,0.9980157,0.023620343,0.024717813,-0.052875597,
218984774,0.99801594,0.023613272,0.02471597,-0.052875385,
219017777,0.998016,0.023609942,0.024775814,-0.052847195,
218981959,0.9980157,0.023620343,0.024717813,-0.052875597,
218984774,0.99801594,0.023613272,0.02471597,-0.052875385,
320297487,9.448596e-37,9.448654e-37,2.9387e-41,0,
251658240,7.283604e+29,-1.915439e-09,-1.5912844e+26,NaN,
4294967295,1.0133098e+16,-60.269253,-88.50708,7.3441925,
218981959,0.9980157,0.023620343,0.024717813,-0.052875597,
218984774,0.99801594,0.023613272,0.02471597,-0.052875385,
320297487,9.448596e-37,9.448654e-37,2.9387e-41,0,
218981959,0.9980157,0.023620343,0.024717813,-0.052875597,
218984774,0.99801594,0.023613272,0.02471597,-0.052875385,
218981959,0.9980157,0.023620343,0.024717813,-0.052875597,
219017777,0.998016,0.023609942,0.024775814,-0.052847195,
218984774,0.99801594,0.023613272,0.02471597,-0.052875385,
219019835,-3.3056896e+12,1.4926437e-30,3.3759302e+38,-14.602355,
218989774,0.99801564,0.023608612,0.02473001,-0.052875895,
3405162044,1.0832463e+15,1.5421821e-30,3.6658356,1.0132777e+16,
218995775,0.99801654,0.02362494,0.024767606,-0.052834805,
3262190359,-88.50708,1.2617227e+11,0,0,
219001775,0.998016,0.023623204,0.02477049,-0.05284419,
391778048,-3.2939705e-19,-3.2982015e-19,-2.7769967e+38,NaN,
219006777,0.99801594,0.023620263,0.024775878,-0.05284336,
4294967295,4.62845e-27,9.448596e-37,9.448654e-37,2.3523711e+23,
219012774,0.99801576,0.023606848,0.02477091,-0.05285531,
218989774,0.99801564,0.023608612,0.02473001,-0.052875895,
218981959,0.9980157,0.023620343,0.024717813,-0.052875597,
218984774,0.99801594,0.023613272,0.02471597,-0.052875385,
219017777,0.998016,0.023609942,0.024775814,-0.052847195,
219019835,-3.3056896e+12,1.4926437e-30,3.3759302e+38,-14.602355,
3405162044,1.0832463e+15,1.5421821e-30,3.6658356,-4.866439e-36,
2113146125,5.129624e+23,-2.4433707e-25,-1.1573534e-26,-6.344132e-22,
2114129165,-1.820582e-33,-7.0610394e+22,1.565842e+25,-8.183514e-08,
2113539341,-1.14374675e-35,-3.049362e+26,1.3170688e+31,-47549.344,
218981959,0.9980157,0.023620343,0.024717813,-0.052875597,
218984774,0.99801594,0.023613272,0.02471597,-0.052875385,
219017777,0.998016,0.023609942,0.024775814,-0.052847195,
219019835,-3.3056896e+12,7.0459784e-25,-3.2939705e-19,-3.2982015e-19,
5368579,0,0,1.9103282e-27,9.448596e-37,
60867249,NaN,NaN,2.5243547e-29,7.314553e+29,
2969804994,-1.5912844e+26,7.0959986e-31,3.3756706e+38,-15.965636,
3397190460,1.3025514e+15,7.4349007e-31,3.3758783e+38,-15.038878,
218981959,0.9980157,0.023620343,0.024717813,-0.052875597,
218984774,0.99801594,0.023613272,0.02471597,-0.052875385,
218989774,0.99801564,0.023608612,0.02473001,-0.052875895,
218995775,0.99801654,0.02362494,0.024767606,-0.052834805,
219001775,0.998016,0.023623204,0.02477049,-0.05284419,
219006777,0.99801594,0.023620263,0.024775878,-0.05284336,
219012774,0.99801576,0.023606848,0.02477091,-0.05285531,
219017777,0.998016,0.023609942,0.024775814,-0.052847195,
218981959,0.9980157,0.023620343,0.024717813,-0.052875597,
218984774,0.99801594,0.023613272,0.02471597,-0.052875385,
219017777,0.998016,0.023609942,0.024775814,-0.052847195,
219019835,-3.3056896e+12,8.18496e-31,3.3756187e+38,-14.428039,
3398866748,1.3053002e+15,9.629587e-31,3.3763975e+38,-17.13635,
3404033852,1.0261061e+15,1.1074034e-30,3.3759302e+38,-16.681273,
3404430396,1.06938216e+15,1.2278222e-30,3.3758783e+38,-15.955138,
3405170748,1.06555105e+15,1.3721947e-30,3.3757225e+38,-14.196837,
218981959,0.9980157,0.023620343,0.024717813,-0.052875597,
218984774,0.99801594,0.023613272,0.02471597,-0.052875385,
218981959,0.9980157,0.023620343,0.024717813,-0.052875597,
219017777,0.998016,0.023609942,0.024775814,-0.052847195,
218984774,0.99801594,0.023613272,0.02471597,-0.052875385,
219019835,-3.3056896e+12,7.0459784e-25,-3.2939705e-19,-3.2982015e-19,
218989774,0.99801564,0.023608612,0.02473001,-0.052875895,
5368579,0,0,1.9103282e-27,9.448596e-37,
218995775,0.99801654,0.02362494,0.024767606,-0.052834805,
60867249,NaN,NaN,2.5243547e-29,7.314553e+29,
219001775,0.998016,0.023623204,0.02477049,-0.05284419,
2969804994,-1.5912844e+26,7.0959986e-31,3.3756706e+38,-15.965636,
219006777,0.99801594,0.023620263,0.024775878,-0.05284336,
3397190460,1.3025514e+15,7.4349007e-31,3.3758783e+38,-15.038878,
219012774,0.99801576,0.023606848,0.02477091,-0.05285531,
218989774,0.99801564,0.023608612,0.02473001,-0.052875895,
218981959,0.9980157,0.023620343,0.024717813,-0.052875597,
218984774,0.99801594,0.023613272,0.02471597,-0.052875385,
218989774,0.99801564,0.023608612,0.02473001,-0.052875895,
218995775,0.99801654,0.02362494,0.024767606,-0.052834805,
219001775,0.998016,0.023623204,0.02477049,-0.05284419,
219006777,0.99801594,0.023620263,0.024775878,-0.05284336,
219012774,0.99801576,0.023606848,0.02477091,-0.05285531,
218989774,0.99801564,0.023608612,0.02473001,-0.052875895,
218981959,0.9980157,0.023620343,0.024717813,-0.052875597,
218984774,0.99801594,0.023613272,0.02471597,-0.052875385,
320297487,9.448596e-37,9.448654e-37,2.9387e-41,0,
251658240,7.283604e+29,-1.915439e-09,-1.5912844e+26,NaN,
4294967295,1.0133098e+16,-60.269253,-88.50708,7.3441925,
218981959,0.9980157,0.023620343,0.024717813,-0.052875597,
218984774,0.99801594,0.023613272,0.02471597,-0.052875385,
320297487,9.448596e-37,9.448654e-37,2.9387e-41,0,
218981959,0.9980157,0.023620343,0.024717813,-0.052875597,
218984774,0.99801594,0.023613272,0.02471597,-0.052875385,
219017777,0.998016,0.023609942,0.024775814,-0.052847195,
219019835,-3.3056896e+12,8.18496e-31,3.3756187e+38,-14.428039,
3398866748,1.3053002e+15,9.629587e-31,3.3763975e+38,-17.13635,
3404033852,1.0261061e+15,1.1074034e-30,3.3759302e+38,-16.681273,
3404430396,1.06938216e+15,1.2278222e-30,3.3758783e+38,-15.955138,
3405170748,1.06555105e+15,1.3721947e-30,3.3757225e+38,-14.196837,
218981959,0.9980157,0.023620343,0.024717813,-0.052875597,
218984774,0.99801594,0.023613272,0.02471597,-0.052875385,
218989774,0.99801564,0.023608612,0.02473001,-0.052875895,
218995775,0.99801654,0.02362494,0.024767606,-0.052834805,
219001775,0.998016,0.023623204,0.02477049,-0.05284419,
219006777,0.99801594,0.023620263,0.024775878,-0.05284336,
219012774,0.99801576,0.023606848,0.02477091,-0.05285531,
320297487,9.448596e-37,9.448654e-37,2.9387e-41,0,
218981959,0.9980157,0.023620343,0.024717813,-0.052875597,
218984774,0.99801594,0.023613272,0.02471597,-0.052875385,
218989774,0.99801564,0.023608612,0.02473001,-0.052875895,
218995775,0.99801654,0.02362494,0.024767606,-0.052834805,
219001775,0.998016,0.023623204,0.02477049,-0.05284419,
219006777,0.99801594,0.023620263,0.024775878,-0.05284336,
219012774,0.99801576,0.023606848,0.02477091,-0.05285531,
320297487,9.448596e-37,9.448654e-37,2.9387e-41,0,
218981959,0.9980157,0.023620343,0.024717813,-0.052875597,
218981959,0.9980157,0.023620343,0.024717813,-0.052875597,
218984774,0.99801594,0.023613272,0.02471597,-0.052875385,
218984774,0.99801594,0.023613272,0.02471597,-0.052875385,
219017777,0.998016,0.023609942,0.024775814,-0.052847195,
218989774,0.99801564,0.023608612,0.02473001,-0.052875895,
219019835,-3.3056896e+12,1.4926437e-30,3.3759302e+38,-14.602355,
218995775,0.99801654,0.02362494,0.024767606,-0.052834805,
3405162044,1.0832463e+15,1.5421821e-30,3.6658356,-3.5255626e+30,
219001775,0.998016,0.023623204,0.02477049,-0.05284419,
2113539341,2.4669345e+25,-1.6858467e+33,1.04067754e+33,-2.4369997e+35,
219006777,0.99801594,0.023620263,0.024775878,-0.05284336,
1788677389,7.416503e-09,-1.8309918e+35,-1.03811274e-17,-6.548772e-16,
219012774,0.99801576,0.023606848,0.02477091,-0.05285531,
1295829750,0.0057783676,-1.866842e-21,-1.410654e+38,4.3740507e-31,
218989774,0.99801564,0.023608612,0.02473001,-0.052875895,
218981959,0.9980157,0.023620343,0.024717813,-0.052875597,
218984774,0.99801594,0.023613272,0.02471597,-0.052875385,
320297487,9.448596e-37,9.448654e-37,2.9387e-41,0,
251658240,7.283604e+29,-1.915439e-09,-1.5912844e+26,NaN,
4294967295,1.0133098e+16,-60.269253,-88.50708,7.3441925,
218981959,0.9980157,0.023620343,0.024717813,-0.052875597,
218984774,0.99801594,0.023613272,0.02471597,-0.052875385,
320297487,9.448596e-37,9.448654e-37,2.9387e-41,0,
218981959,0.9980157,0.023620343,0.024717813,-0.052875597,
218984774,0.99801594,0.023613272,0.02471597,-0.052875385,
320297487,9.448596e-37,9.448654e-37,2.9387e-41,0,
251658240,7.283604e+29,-1.915439e-09,-1.5912844e+26,NaN,
4294967295,1.0133098e+16,-60.269253,-88.50708,7.3441925,
218981959,0.9980157,0.023620343,0.024717813,-0.052875597,
218984774,0.99801594,0.023613272,0.02471597,-0.052875385,
320297487,9.448596e-37,9.448654e-37,2.9387e-41,0,
218981959,0.9980157,0.023620343,0.024717813,-0.052875597,
218984774,0.99801594,0.023613272,0.02471597,-0.052875385,
218981959,0.9980157,0.023620343,0.024717813,-0.052875597,
219017777,0.998016,0.023609942,0.024775814,-0.052847195,
219019835,-3.3056896e+12,1.4926437e-30,3.3759302e+38,-14.602355,
218984774,0.99801594,0.023613272,0.02471597,-0.052875385,
3405162044,1.0832463e+15,1.5421821e-30,3.6658356,1.0132777e+16,
218989774,0.99801564,0.023608612,0.02473001,-0.052875895,
3262190359,-88.50708,1.2617227e+11,0,0,
218995775,0.99801654,0.02362494,0.024767606,-0.052834805,
391778048,-3.2939705e-19,-3.2982015e-19,-2.7769967e+38,NaN,
219001775,0.998016,0.023623204,0.02477049,-0.05284419,
4294967295,4.62845e-27,9.448596e-37,9.448654e-37,2.3523711e+23,
219006777,0.99801594,0.023620263,0.024775878,-0.05284336,
219012774,0.99801576,0.023606848,0.02477091,-0.05285531,
218989774,0.99801564,0.023608612,0.02473001,-0.052875895,
218981959,0.9980157,0.023620343,0.024717813,-0.052875597,
218984774,0.99801594,0.023613272,0.02471597,-0.052875385,
219017777,0.998016,0.023609942,0.024775814,-0.052847195,
219019835,-3.3056896e+12,1.4926437e-30,3.3759302e+38,-14.602355,
3405162044,1.0832463e+15,1.5421821e-30,3.6658356,1.0132777e+16,
3262190359,-88.50708,1.2617227e+11,0,0,
391778048,-3.2939705e-19,-3.2982015e-19,-2.7769967e+38,NaN,
4294967295,4.62845e-27,9.448596e-37,9.448654e-37,2.3523711e+23,
218981959,0.9980157,0.023620343,0.024717813,-0.052875597,
218984774,0.99801594,0.023613272,0.02471597,-0.052875385,
219017777,0.998016,0.023609942,0.024775814,-0.052847195,
219019835,-3.3056896e+12,1.4926437e-30,3.3759302e+38,-14.602355,
3405162044,1.0832463e+15,1.5421821e-30,3.6658356,-4.866439e-36,
2113146125,5.129624e+23,-2.4433707e-25,-1.1573534e-26,-6.344132e-22,
2114129165,-1.820582e-33,-7.0610394e+22,1.565842e+25,-8.183514e-08,
2113539341,-1.14374675e-35,-3.049362e+26,1.3170688e+31,-47549.344,
218981959,0.9980157,0.023620343,0.024717813,-0.052875597,
218981959,0.9980157,0.023620343,0.024717813,-0.052875597,
218984774,0.99801594,0.023613272,0.02471597,-0.052875385,
218984774,0.99801594,0.023613272,0.02471597,-0.052875385,
218989774,0.99801564,0.023608612,0.02473001,-0.052875895,
219017777,0.998016,0.023609942,0.024775814,-0.052847195,
218995775,0.99801654,0.02362494,0.024767606,-0.052834805,
219019835,-3.3056896e+12,7.0459784e-25,-3.2939705e-19,-3.2982015e-19,
219001775,0.998016,0.023623204,0.02477049,-0.05284419,
219006777,0.99801594,0.023620263,0.024775878,-0.05284336,
5368579,0,0,1.9103282e-27,9.448596e-37,
219012774,0.99801576,0.023606848,0.02477091,-0.05285531,
60867249,NaN,NaN,2.5243547e-29,7.314553e+29,
219017777,0.998016,0.023609942,0.024775814,-0.052847195,
2969804994,-1.5912844e+26,7.0959986e-31,3.3756706e+38,-15.965636,
3397190460,1.3025514e+15,7.4349007e-31,3.3758783e+38,-15.038878,
218981959,0.9980157,0.023620343,0.024717813,-0.052875597,
218984774,0.99801594,0.023613272,0.02471597,-0.052875385,
218989774,0.99801564,0.023608612,0.02473001,-0.052875895,
218995775,0.99801654,0.02362494,0.024767606,-0.052834805,
219001775,0.998016,0.023623204,0.02477049,-0.05284419,
219006777,0.99801594,0.023620263,0.024775878,-0.05284336,
219012774,0.99801576,0.023606848,0.02477091,-0.05285531,
320297487,9.448596e-37,9.448654e-37,2.9387e-41,0,
218981959,0.9980157,0.023620343,0.024717813,-0.052875597,
218981959,0.9980157,0.023620343,0.024717813,-0.052875597,
218984774,0.99801594,0.023613272,0.02471597,-0.052875385,
218984774,0.99801594,0.023613272,0.02471597,-0.052875385,
218989774,0.99801564,0.023608612,0.02473001,-0.052875895,
219017777,0.998016,0.023609942,0.024775814,-0.052847195,
218995775,0.99801654,0.02362494,0.024767606,-0.052834805,
219019835,-3.3056896e+12,1.4926437e-30,3.3759302e+38,-14.602355,
219001775,0.998016,0.023623204,0.02477049,-0.05284419,
3405162044,1.0832463e+15,1.5421821e-30,3.6658356,-3.5255626e+30,
2113539341,2.4669345e+25,-1.6858467e+33,1.04067754e+33,-2.4369997e+35,
219006777,0.99801594,0.023620263,0.024775878,-0.05284336,
1788677389,2.512809e-29,7.283604e+29,-1.915439e-09,-1.5912844e+26,
219012774,0.99801576,0.023606848,0.02477091,-0.05285531,
81,0,1.006273e+16,-60.268642,-88.50708,
218989774,0.99801564,0.023608612,0.02473001,-0.052875895,
218981959,0.9980157,0.023620343,0.024717813,-0.052875597,
218984774,0.99801594,0.023613272,0.02471597,-0.052875385,
320297487,9.448596e-37,9.448654e-37,2.9387e-41,0,
251658240,7.283604e+29,-1.915439e-09,-1.5912844e+26,NaN,
4294967295,1.0133098e+16,-60.269253,-88.50708,7.3441925,
218981959,0.9980157,0.023620343,0.024717813,-0.052875597,
218984774,0.99801594,0.023613272,0.02471597,-0.052875385,
219017777,0.998016,0.023609942,0.024775814,-0.052847195,
218981959,0.9980157,0.023620343,0.024717813,-0.052875597,
218984774,0.99801594,0.023613272,0.02471597,-0.052875385,
219017777,0.998016,0.023609942,0.024775814,-0.052847195,
219019835,-3.3056896e+12,7.0459784e-25,-3.2939705e-19,-3.2982015e-19,
5368579,0,0,1.9103282e-27,9.448596e-37,
60867249,NaN,NaN,2.5243547e-29,7.314553e+29,
2969804994,-1.5912844e+26,7.0959986e-31,3.3756706e+38,-15.965636,
3397190460,1.3025514e+15,7.4349007e-31,3.3758783e+38,-15.038878,
218981959,0.9980157,0.023620343,0.024717813,-0.052875597,
218984774,0.99801594,0.023613272,0.02471597,-0.052875385,
218989774,0.99801564,0.023608612,0.02473001,-0.052875895,
218995775,0.99801654,0.02362494,0.024767606,-0.052834805,
219001775,0.998016,0.023623204,0.02477049,-0.05284419,
219006777,0.99801594,0.023620263,0.024775878,-0.05284336,
219012774,0.99801576,0.023606848,0.02477091,-0.05285531,
320297487,9.448596e-37,9.448654e-37,2.9387e-41,0,
218981959,0.9980157,0.023620343,0.024717813,-0.052875597,
218981959,0.9980157,0.023620343,0.024717813,-0.052875597,
218984774,0.99801594,0.023613272,0.02471597,-0.052875385,
218984774,0.99801594,0.023613272,0.02471597,-0.052875385,
219017777,0.998016,0.023609942,0.024775814,-0.052847195,
218989774,0.99801564,0.023608612,0.02473001,-0.052875895,
218995775,0.99801654,0.02362494,0.024767606,-0.052834805,
219019835,-3.3056896e+12,1.4926437e-30,3.3759302e+38,-14.602355,
219001775,0.998016,0.023623204,0.02477049,-0.05284419,
3405162044,1.0832463e+15,1.5421821e-30,3.6658356,1.0132777e+16,
219006777,0.99801594,0.023620263,0.024775878,-0.05284336,
3262190359,-88.50708,1.2617227e+11,0,0,
219012774,0.99801576,0.023606848,0.02477091,-0.05285531,
391778048,-3.2939705e-19,-3.2982015e-19,-2.7769967e+38,NaN,
4294967295,4.62845e-27,9.448596e-37,9.448654e-37,2.3523711e+23,
218989774,0.99801564,0.023608612,0.02473001,-0.052875895,
218981959,0.9980157,0.023620343,0.024717813,-0.052875597,
218984774,0.99801594,0.023613272,0.02471597,-0.052875385,
219017777,0.998016,0.023609942,0.024775814,-0.052847195,
219019835,-3.3056896e+12,7.0459784e-25,-3.2939705e-19,-3.2982015e-19,
5368579,0,0,1.9103282e-27,9.448596e-37,
60867249,NaN,NaN,2.5243547e-29,7.314553e+29,
2969804994,-1.5912844e+26,7.0959986e-31,3.3756706e+38,-15.965636,
3397190460,1.3025514e+15,7.4349007e-31,3.3758783e+38,-15.038878,
218981959,0.9980157,0.023620343,0.024717813,-0.052875597,
218984774,0.99801594,0.023613272,0.02471597,-0.052875385,
219017777,0.998016,0.023609942,0.024775814,-0.052847195,
219019835,-3.3056896e+12,8.18496e-31,3.3756187e+38,-14.428039,
3398866748,1.3053002e+15,9.629587e-31,3.3763975e+38,-17.13635,
3404033852,1.0261061e+15,1.1074034e-30,3.3759302e+38,-16.681273,
3404430396,1.06938216e+15,1.2278222e-30,3.3758783e+38,-15.955138,
3405170748,1.06555105e+15,1.3721947e-30,3.3757225e+38,-14.196837,
218981959,0.9980157,0.023620343,0.024717813,-0.052875597,
218981959,0.9980157,0.023620343,0.024717813,-0.052875597,
218984774,0.99801594,0.023613272,0.02471597,-0.052875385,
218984774,0.99801594,0.023613272,0.02471597,-0.052875385,
218989774,0.99801564,0.023608612,0.02473001,-0.052875895,
219017777,0.998016,0.023609942,0.024775814,-0.052847195,
218995775,0.99801654,0.02362494,0.024767606,-0.052834805,
219019835,-3.3056896e+12,7.0459784e-25,-3.2939705e-19,-3.2982015e-19,
219001775,0.998016,0.023623204,0.02477049,-0.05284419,
5368579,0,0,1.9103282e-27,9.448596e-37,
219006777,0.99801594,0.023620263,0.024775878,-0.05284336,
60867249,NaN,NaN,2.5243547e-29,7.314553e+29,
219012774,0.99801576,0.023606848,0.02477091,-0.05285531,
2969804994,-1.5912844e+26,7.0959986e-31,3.3756706e+38,-15.965636,
219017777,0.998016,0.023609942,0.024775814,-0.052847195,
3397190460,1.3025514e+15,7.4349007e-31,3.3758783e+38,-15.038878,
218981959,0.9980157,0.023620343,0.024717813,-0.052875597,
218984774,0.99801594,0.023613272,0.02471597,-0.052875385,
218989774,0.99801564,0.023608612,0.02473001,-0.052875895,
218995775,0.99801654,0.02362494,0.024767606,-0.052834805,
219001775,0.998016,0.023623204,0.02477049,-0.05284419,
219006777,0.99801594,0.023620263,0.024775878,-0.05284336,
219012774,0.99801576,0.023606848,0.02477091,-0.05285531,
320297487,9.448596e-37,9.448654e-37,2.9387e-41,0,
218981959,0.9980157,0.023620343,0.024717813,-0.052875597,
218984774,0.99801594,0.023613272,0.02471597,-0.052875385,
218989774,0.99801564,0.023608612,0.02473001,-0.052875895,
218995775,0.99801654,0.02362494,0.024767606,-0.052834805,
219001775,0.998016,0.023623204,0.02477049,-0.05284419,
219006777,0.99801594,0.023620263,0.024775878,-0.05284336,
219012774,0.99801576,0.023606848,0.02477091,-0.05285531,
218989774,0.99801564,0.023608612,0.02473001,-0.052875895,
218981959,0.9980157,0.023620343,0.024717813,-0.052875597,
218984774,0.99801594,0.023613272,0.02471597,-0.052875385,
219017777,0.998016,0.023609942,0.024775814,-0.052847195,
219019835,-3.3056896e+12,1.4926437e-30,3.3759302e+38,-14.602355,
3405162044,1.0832463e+15,1.5421821e-30,3.6658356,1.0132777e+16,
3262190359,-88.50708,1.2617227e+11,0,0,
391778048,-3.2939705e-19,-3.2982015e-19,-2.7769967e+38,NaN,
4294967295,4.62845e-27,9.448596e-37,9.448654e-37,2.3523711e+23,
218981959,0.9980157,0.023620343,0.024717813,-0.052875597,
218984774,0.99801594,0.023613272,0.02471597,-0.052875385,
218989774,0.99801564,0.023608612,0.02473001,-0.052875895,
218995775,0.99801654,0.02362494,0.024767606,-0.052834805,
219001775,0.998016,0.023623204,0.02477049,-0.05284419,
219006777,0.99801594,0.023620263,0.024775878,-0.05284336,
219012774,0.99801576,0.023606848,0.02477091,-0.05285531,
320297487,9.448596e-37,9.448654e-37,2.9387e-41,0,
218981959,0.9980157,0.023620343,0.024717813,-0.052875597,
218984774,0.99801594,0.023613272,0.02471597,-0.052875385,
219017777,0.998016,0.023609942,0.024775814,-0.052847195,
219019835,-3.3056896e+12,1.4926437e-30,3.3759302e+38,-14.602355,
3405162044,1.0832463e+15,1.5421821e-30,3.6658356,-3.5255626e+30,
2113539341,2.4669345e+25,-1.6858467e+33,1.04067754e+33,-2.4369997e+35,
1788677389,7.416503e-09,-1.8309918e+35,-1.03811274e-17,-6.548772e-16,
1295829750,0.0057783676,-1.866842e-21,-1.410654e+38,4.3740507e-31,
218981959,0.9980157,0.023620343,0.024717813,-0.052875597,
218981959,0.9980157,0.023620343,0.024717813,-0.052875597,
218984774,0.99801594,0.023613272,0.02471597,-0.052875385,
218984774,0.99801594,0.023613272,0.02471597,-0.052875385,
320297487,9.448596e-37,9.448654e-37,2.9387e-41,0,
320297487,9.448596e-37,9.448654e-37,2.9387e-41,0,
251658240,7.283604e+29,-1.915439e-09,-1.5912844e+26,NaN,
251658240,7.283604e+29,-1.915439e-09,-1.5912844e+26,NaN,
4294967295,1.0133098e+16,-60.269253,-88.50708,7.3441925,
4294967295,1.0133098e+16,-60.269253,-88.50708,7.3441925,
218981959,0.9980157,0.023620343,0.024717813,-0.052875597,
218981959,0.9980157,0.023620343,0.024717813,-0.052875597,
218984774,0.99801594,0.023613272,0.02471597,-0.052875385,
218984774,0.99801594,0.023613272,0.02471597,-0.052875385,
218989774,0.99801564,0.023608612,0.02473001,-0.052875895,
320297487,9.448596e-37,9.448654e-37,2.9387e-41,0,
218981959,0.9980157,0.023620343,0.024717813,-0.052875597,
218981959,0.9980157,0.023620343,0.024717813,-0.052875597,
218984774,0.99801594,0.023613272,0.02471597,-0.052875385,
218984774,0.99801594,0.023613272,0.02471597,-0.052875385,
320297487,9.448596e-37,9.448654e-37,2.9387e-41,0,
219017777,0.998016,0.023609942,0.024775814,-0.052847195,
251658240,7.283604e+29,-1.915439e-09,-1.5912844e+26,NaN,
219019835,-3.3056896e+12,1.4926437e-30,3.3759302e+38,-14.602355,
4294967295,1.0133098e+16,-60.269253,-88.50708,7.3441925,
3405162044,1.0832463e+15,1.5421821e-30,3.6658356,-3.5255626e+30,
2113539341,2.4669345e+25,-1.6858467e+33,1.04067754e+33,-2.4369997e+35,
218981959,0.9980157,0.023620343,0.024717813,-0.052875597,
1788677389,2.512809e-29,7.283604e+29,-1.915439e-09,-1.5912844e+26,
218984774,0.99801594,0.023613272,0.02471597,-0.052875385,
81,0,1.006273e+16,-60.268642,-88.50708,
219017777,0.998016,0.023609942,0.024775814,-0.052847195,
218981959,0.9980157,0.023620343,0.024717813,-0.052875597,
218984774,0.99801594,0.023613272,0.02471597,-0.052875385,
320297487,9.448596e-37,9.448654e-37,2.9387e-41,0,
251658240,7.283604e+29,-1.915439e-09,-1.5912844e+26,NaN,
4294967295,1.0133098e+16,-60.269253,-88.50708,7.3441925,
218981959,0.9980157,0.023620343,0.024717813,-0.052875597,
218984774,0.99801594,0.023613272,0.02471597,-0.052875385,
219017777,0.998016,0.023609942,0.024775814,-0.052847195,
218981959,0.9980157,0.023620343,0.024717813,-0.052875597,
218984774,0.99801594,0.023613272,0.02471597,-0.052875385,
219017777,0.998016,0.023609942,0.024775814,-0.052847195,
219019835,-3.3056896e+12,1.4926437e-30,3.3759302e+38,-14.602355,
3405162044,1.0832463e+15,1.5421821e-30,3.6658356,-4.866439e-36,
2113146125,5.129624e+23,-2.4433707e-25,-1.1573534e-26,-6.344132e-22,
2114129165,-1.820582e-33,-7.0610394e+22,1.565842e+25,-8.183514e-08,
2113539341,-1.14374675e-35,-3.049362e+26,1.3170688e+31,-47549.344,
218981959,0.9980157,0.023620343,0.024717813,-0.052875597,
218984774,0.99801594,0.023613272,0.02471597,-0.052875385,
218989774,0.99801564,0.023608612,0.02473001,-0.052875895,
218995775,0.99801654,0.02362494,0.024767606,-0.052834805,
219001775,0.998016,0.023623204,0.02477049,-0.05284419,
219006777,0.99801594,0.023620263,0.024775878,-0.05284336,
219012774,0.99801576,0.023606848,0.02477091,-0.05285531,
218989774,0.99801564,0.023608612,0.02473001,-0.052875895,
218981959,0.9980157,0.023620343,0.024717813,-0.052875597,
218984774,0.99801594,0.023613272,0.02471597,-0.052875385,
219017777,0.998016,0.023609942,0.024775814,-0.052847195,
219019835,-3.3056896e+12,7.0459784e-25,-3.2939705e-19,-3.2982015e-19,
5368579,0,0,1.9103282e-27,9.448596e-37,
60867249,NaN,NaN,2.5243547e-29,7.314553e+29,
2969804994,-1.5912844e+26,7.0959986e-31,3.3756706e+38,-15.965636,
3397190460,1.3025514e+15,7.4349007e-31,3.3758783e+38,-15.038878,
218981959,0.9980157,0.023620343,0.024717813,-0.052875597,
218984774,0.99801594,0.023613272,0.02471597,-0.052875385,
218989774,0.99801564,0.023608612,0.02473001,-0.052875895,
218995775,0.99801654,0.02362494,0.024767606,-0.052834805,
219001775,0.998016,0.023623204,0.02477049,-0.05284419,
219006777,0.99801594,0.023620263,0.024775878,-0.05284336,
219012774,0.99801576,0.023606848,0.02477091,-0.05285531,
3176690470,4.3688785e-31,0.99801594,0.023620263,0.024775878,
218981959,0.9980157,0.023620343,0.024717813,-0.052875597,
218984774,0.99801594,0.023613272,0.02471597,-0.052875385,
320297487,9.448596e-37,9.448654e-37,2.9387e-41,0,
251658240,7.283604e+29,-1.915439e-09,-1.5912844e+26,NaN,
4294967295,1.0133098e+16,-60.269253,-88.50708,1.9103282e-27,
60867185,9.448654e-37,2.9387e-41,0,6.3108872e-30,
1897076570,-1.915439e-09,-1.5912844e+26,NaN,NaN,
1510998015,-60.269253,-88.50708,7.3441925,4.357209e-31,
218981959,0.9980157,0.023620343,0.024717813,-0.052875597,
218984774,0.99801594,0.023613272,0.02471597,-0.052875385,
320297487,9.448596e-37,9.448654e-37,2.9387e-41,0,
251658240,7.283604e+29,-1.915439e-09,-1.5912844e+26,NaN,
4294967295,1.0133098e+16,-60.269253,-88.50708,7.3441925,
218981959,0.9980157,0.023620343,0.024717813,-0.052875597,
218984774,0.99801594,0.023613272,0.02471597,-0.052875385,
226807296,3.3756187e+38,-14.428039,-4.934558e+06,1.3053002e+15,
218981959,0.9980157,0.023620343,0.024717813,-0.052875597,
218984774,0.99801594,0.023613272,0.02471597,-0.052875385,
218989774,0.99801564,0.023608612,0.02473001,-0.052875895,
218995775,0.99801654,0.02362494,0.024767606,-0.052834805,
219001775,0.998016,0.023623204,0.02477049,-0.05284419,
219006777,0.99801594,0.023620263,0.024775878,-0.05284336,
219012774,0.99801576,0.023606848,0.02477091,-0.05285531,
218989774,0.99801564,0.023608612,0.02473001,-0.052875895,
218981959,0.9980157,0.023620343,0.024717813,-0.052875597,
218984774,0.99801594,0.023613272,0.02471597,-0.052875385,
219017777,0.998016,0.023609942,0.024775814,-0.052847195,
219019835,-3.3056896e+12,7.0459784e-25,-3.2939705e-19,-3.2982015e-19,
5368579,0,0,1.9103282e-27,9.448596e-37,
60867249,NaN,NaN,2.5243547e-29,7.314553e+29,
2969804994,-1.5912844e+26,7.0959986e-31,3.3756706e+38,-15.965636,
3397190460,1.3025514e+15,7.4349007e-31,3.3758783e+38,-15.038878,
218981959,0.9980157,0.023620343,0.024717813,-0.052875597,
218984774,0.99801594,0.023613272,0.02471597,-0.052875385,
219017777,0.998016,0.023609942,0.024775814,-0.052847195,
219019835,-3.3056896e+12,1.4926437e-30,3.3759302e+38,-14.602355,
3405162044,1.0832463e+15,1.5421821e-30,3.6658356,1.0132777e+16,
3262190359,-88.50708,1.2617227e+11,0,0,
391778048,-3.2939705e-19,-3.2982015e-19,-2.7769967e+38,NaN,
4294967295,4.62845e-27,9.448596e-37,9.448654e-37,2.3523711e+23,
218981959,0.9980157,0.023620343,0.024717813,-0.052875597,
218984774,0.99801594,0.023613272,0.02471597,-0.052875385,
218989774,0.99801564,0.023608612,0.02473001,-0.052875895,
218995775,0.99801654,0.02362494,0.024767606,-0.052834805,
219001775,0.998016,0.023623204,0.02477049,-0.05284419,
219006777,0.99801594,0.023620263,0.024775878,-0.05284336,
219012774,0.99801576,0.023606848,0.02477091,-0.05285531,
218989774,0.99801564,0.023608612,0.02473001,-0.052875895,
218981959,0.9980157,0.023620343,0.024717813,-0.052875597,
218984774,0.99801594,0.023613272,0.02471597,-0.052875385,
320297487,9.448596e-37,9.448654e-37,2.9387e-41,0,
251658240,7.283604e+29,-1.915439e-09,-1.5912844e+26,NaN,
4294967295,1.0133098e+16,-60.269253,-88.50708,7.3441925,
218981959,0.9980157,0.023620343,0.024717813,-0.052875597,
218984774,0.99801594,0.023613272,0.02471597,-0.052875385,
219017777,0.998016,0.023609942,0.024775814,-0.052847195,
218981959,0.9980157,0.023620343,0.024717813,-0.052875597,
218984774,0.99801594,0.023613272,0.02471597,-0.052875385,
320297487,9.448596e-37,9.448654e-37,2.9387e-41,0,
251658240,7.283604e+29,-1.915439e-09,-1.5912844e+26,NaN,
4294967295,1.0133098e+16,-60.269253,-88.50708,7.3441925,
218981959,0.9980157,0.023620343,0.024717813,-0.052875597,
218984774,0.99801594,0.023613272,0.02471597,-0.052875385,
218989774,0.99801564,0.023608612,0.02473001,-0.052875895,
218981959,0.9980157,0.023620343,0.024717813,-0.052875597,
218984774,0.99801594,0.023613272,0.02471597,-0.052875385,
320297487,9.448596e-37,9.448654e-37,2.9387e-41,0,
251658240,7.283604e+29,-1.915439e-09,-1.5912844e+26,NaN,
4294967295,1.0133098e+16,-60.269253,-88.50708,7.3441925,
218981959,0.9980157,0.023620343,0.024717813,-0.052875597,
218984774,0.99801594,0.023613272,0.02471597,-0.052875385,
218989774,0.99801564,0.023608612,0.02473001,-0.052875895,
218981959,0.9980157,0.023620343,0.024717813,-0.052875597,
218984774,0.99801594,0.023613272,0.02471597,-0.052875385,
218989774,0.99801564,0.023608612,0.02473001,-0.052875895,
218995775,0.99801654,0.02362494,0.024767606,-0.052834805,
219001775,0.998016,0.023623204,0.02477049,-0.05284419,
219006777,0.99801594,0.023620263,0.024775878,-0.05284336,
219012774,0.99801576,0.023606848,0.02477091,-0.05285531,
218989774,0.99801564,0.023608612,0.02473001,-0.052875895,
218981959,0.9980157,0.023620343,0.024717813,-0.052875597,
218984774,0.99801594,0.023613272,0.02471597,-0.052875385,
219017777,0.998016,0.023609942,0.024775814,-0.052847195,
219019835,-3.3056896e+12,7.0459784e-25,-3.2939705e-19,-3.2982015e-19,
5368579,0,0,1.9103282e-27,9.448596e-37,
60867249,NaN,NaN,2.5243547e-29,7.314553e+29,
2969804994,-1.5912844e+26,7.0959986e-31,3.3756706e+38,-15.965636,
3397190460,1.3025514e+15,7.4349007e-31,3.3758783e+38,-15.038878,
218981959,0.9980157,0.023620343,0.024717813,-0.052875597,
218984774,0.99801594,0.023613272,0.02471597,-0.052875385,
320297487,9.448596e-37,9.448654e-37,2.9387e-41,0,
251658240,7.283604e+29,-1.915439e-09,-1.5912844e+26,NaN,
4294967295,1.0133098e+16,-60.269253,-88.50708,7.3441925,
218981959,0.9980157,0.023620343,0.024717813,-0.052875597,
218984774,0.99801594,0.023613272,0.02471597,-0.052875385,
219017777,0.998016,0.023609942,0.024775814,-0.052847195,
218981959,0.9980157,0.023620343,0.024717813,-0.052875597,
218984774,0.99801594,0.023613272,0.02471597,-0.052875385,
218989774,0.99801564,0.023608612,0.02473001,-0.052875895,
218995775,0.99801654,0.02362494,0.024767606,-0.052834805,
219001775,0.998016,0.023623204,0.02477049,-0.05284419,
219006777,0.99801594,0.023620263,0.024775878,-0.05284336,
219012774,0.99801576,0.023606848,0.02477091,-0.05285531,
218989774,0.99801564,0.023608612,0.02473001,-0.052875895,
218981959,0.9980157,0.023620343,0.024717813,-0.052875597,
218984774,0.99801594,0.023613272,0.02471597,-0.052875385,
218989774,0.99801564,0.023608612,0.02473001,-0.052875895,
218995775,0.99801654,0.02362494,0.024767606,-0.052834805,
219001775,0.998016,0.023623204,0.02477049,-0.05284419,
219006777,0.99801594,0.023620263,0.024775878,-0.05284336,
219012774,0.99801576,0.023606848,0.02477091,-0.05285531,
320297487,9.448596e-37,9.448654e-37,2.9387e-41,0,
218981959,0.9980157,0.023620343,0.024717813,-0.052875597,
218984774,0.99801594,0.023613272,0.02471597,-0.052875385,
219017777,0.998016,0.023609942,0.024775814,-0.052847195,
219019835,-3.3056896e+12,1.4926437e-30,3.3759302e+38,-14.602355,
3405162044,1.0832463e+15,1.5421821e-30,3.6658356,-3.5255626e+30,
2113539341,2.4669345e+25,-1.6858467e+33,1.04067754e+33,-2.4369997e+35,
1788677389,7.416503e-09,-1.8309918e+35,-1.03811274e-17,-6.548772e-16,
1295829750,0.0057783676,-1.866842e-21,-1.410654e+38,1.9103282e-27,
218981959,0.9980157,0.023620343,0.024717813,-0.052875597,
218984774,0.99801594,0.023613272,0.02471597,-0.052875385,
320297487,9.448596e-37,9.448654e-37,2.9387e-41,0,
251658240,7.283604e+29,-1.915439e-09,-1.5912844e+26,NaN,
4294967295,1.0133098e+16,-60.269253,-88.50708,7.3441925,
218981959,0.9980157,0.023620343,0.024717813,-0.052875597,
218984774,0.99801594,0.023613272,0.02471597,-0.052875385,
219017777,0.998016,0.023609942,0.024775814,-0.052847195,
218981959,0.9980157,0.023620343,0.024717813,-0.052875597,
218984774,0.99801594,0.023613272,0.02471597,-0.052875385,
219017777,0.998016,0.023609942,0.024775814,-0.052847195,
219019835,-3.3056896e+12,1.4926437e-30,3.3759302e+38,-14.602355,
3405162044,1.0832463e+15,1.5421821e-30,3.6658356,1.0132777e+16,
3262190359,-88.50708,1.2617227e+11,0,0,
391778048,-3.2939705e-19,-3.2982015e-19,-2.7769967e+38,NaN,
4294967295,4.62845e-27,9.448596e-37,9.448654e-37,2.3523711e+23,
218981959,0.9980157,0.023620343,0.024717813,-0.052875597,
218984774,0.99801594,0.023613272,0.02471597,-0.052875385,
218989774,0.99801564,0.023608612,0.02473001,-0.052875895,
218995775,0.99801654,0.02362494,0.024767606,-0.052834805,
219001775,0.998016,0.023623204,0.02477049,-0.05284419,
219006777,0.99801594,0.023620263,0.024775878,-0.05284336,
219012774,0.99801576,0.023606848,0.02477091,-0.05285531,
320297487,9.448596e-37,9.448654e-37,2.9387e-41,0,
218981959,0.9980157,0.023620343,0.024717813,-0.052875597,
218984774,0.99801594,0.023613272,0.02471597,-0.052875385,
218989774,0.99801564,0.023608612,0.02473001,-0.052875895,
218995775,0.99801654,0.02362494,0.024767606,-0.052834805,
219001775,0.998016,0.023623204,0.02477049,-0.05284419,
219006777,0.99801594,0.023620263,0.024775878,-0.05284336,
219012774,0.99801576,0.023606848,0.02477091,-0.05285531,
219017777,0.998016,0.023609942,0.024775814,-0.052847195,
218981959,0.9980157,0.023620343,0.024717813,-0.052875597,
218984774,0.99801594,0.023613272,0.02471597,-0.052875385,
219017777,0.998016,0.023609942,0.024775814,-0.052847195,
219019835,-3.3056896e+12,7.0459784e-25,-3.2939705e-19,-3.2982015e-19,
5368579,0,0,1.9103282e-27,9.448596e-37,
60867249,NaN,NaN,2.5243547e-29,7.314553e+29,
2969804994,-1.5912844e+26,7.0959986e-31,3.3756706e+38,-15.965636,
3397190460,1.3025514e+15,7.4349007e-31,3.3758783e+38,-15.038878,
218981959,0.9980157,0.023620343,0.024717813,-0.052875597,
218984774,0.99801594,0.023613272,0.02471597,-0.052875385,
219017777,0.998016,0.023609942,0.024775814,-0.052847195,
219019835,-3.3056896e+12,1.4926437e-30,3.3759302e+38,-14.602355,
3405162044,1.0832463e+15,1.5421821e-30,3.6658356,1.0132777e+16,
3262190359,-88.50708,1.2617227e+11,0,0,
391778048,-3.2939705e-19,-3.2982015e-19,-2.7769967e+38,NaN,
4294967295,4.62845e-27,9.448596e-37,9.448654e-37,2.3523711e+23,
218981959,0.9980157,0.023620343,0.024717813,-0.052875597,
218981959,0.9980157,0.023620343,0.024717813,-0.052875597,
218984774,0.99801594,0.023613272,0.02471597,-0.052875385,
218989774,0.99801564,0.023608612,0.02473001,-0.052875895,
218995775,0.99801654,0.02362494,0.024767606,-0.052834805,
218984774,0.99801594,0.023613272,0.02471597,-0.052875385,
219001775,0.998016,0.023623204,0.02477049,-0.05284419,
219017777,0.998016,0.023609942,0.024775814,-0.052847195,
219006777,0.99801594,0.023620263,0.024775878,-0.05284336,
219019835,-3.3056896e+12,1.4926437e-30,3.3759302e+38,-14.602355,
219012774,0.99801576,0.023606848,0.02477091,-0.05285531,
218989774,0.99801564,0.023608612,0.02473001,-0.052875895,
3405162044,1.0832463e+15,1.5421821e-30,3.6658356,1.0132777e+16,
3262190359,-88.50708,1.2617227e+11,0,0,
391778048,-3.2939705e-19,-3.2982015e-19,-2.7769967e+38,NaN,
4294967295,4.62845e-27,9.448596e-37,9.448654e-37,2.3523711e+23,
218981959,0.9980157,0.023620343,0.024717813,-0.052875597,
218984774,0.99801594,0.023613272,0.02471597,-0.052875385,
320297487,9.448596e-37,9.448654e-37,2.9387e-41,0,
251658240,7.283604e+29,-1.915439e-09,-1.5912844e+26,NaN,
4294967295,1.0133098e+16,-60.269253,-88.50708,7.3441925,
218981959,0.9980157,0.023620343,0.024717813,-0.052875597,
218984774,0.99801594,0.023613272,0.02471597,-0.052875385,
219017777,0.998016,0.023609942,0.024775814,-0.052847195,
218981959,0.9980157,0.023620343,0.024717813,-0.052875597,
218981959,0.9980157,0.023620343,0.024717813,-0.052875597,
218984774,0.99801594,0.023613272,0.02471597,-0.052875385,
218984774,0.99801594,0.023613272,0.02471597,-0.052875385,
320297487,9.448596e-37,9.448654e-37,2.9387e-41,0,
251658240,7.283604e+29,-1.915439e-09,-1.5912844e+26,NaN,
219017777,0.998016,0.023609942,0.024775814,-0.052847195,
4294967295,1.0133098e+16,-60.269253,-88.50708,7.3441925,
219019835,-3.3056896e+12,8.18496e-31,3.3756187e+38,-14.428039,
218981959,0.9980157,0.023620343,0.024717813,-0.052875597,
3398866748,1.3053002e+15,9.629587e-31,3.3763975e+38,-17.13635,
218984774,0.99801594,0.023613272,0.02471597,-0.052875385,
3404033852,1.0261061e+15,1.1074034e-30,3.3759302e+38,-16.681273,
219017777,0.998016,0.023609942,0.024775814,-0.052847195,
3404430396,1.06938216e+15,1.2278222e-30,3.3758783e+38,-15.955138,
3405170748,1.06555105e+15,1.3721947e-30,3.3757225e+38,-14.196837,
218981959,0.9980157,0.023620343,0.024717813,-0.052875597,
218984774,0.99801594,0.023613272,0.02471597,-0.052875385,
218989774,0.99801564,0.023608612,0.02473001,-0.052875895,
218995775,0.99801654,0.02362494,0.024767606,-0.052834805,
219001775,0.998016,0.023623204,0.02477049,-0.05284419,
219006777,0.99801594,0.023620263,0.024775878,-0.05284336,
219012774,0.99801576,0.023606848,0.02477091,-0.05285531,
320297487,9.448596e-37,9.448654e-37,2.9387e-41,0,
218981959,0.9980157,0.023620343,0.024717813,-0.052875597,
218981959,0.9980157,0.023620343,0.024717813,-0.052875597,
218984774,0.99801594,0.023613272,0.02471597,-0.052875385,
320297487,9.448596e-37,9.448654e-37,2.9387e-41,0,
218984774,0.99801594,0.023613272,0.02471597,-0.052875385,
251658240,7.283604e+29,-1.915439e-09,-1.5912844e+26,NaN,
4294967295,1.0133098e+16,-60.269253,-88.50708,7.3441925,
320297487,9.448596e-37,9.448654e-37,2.9387e-41,0,
218981959,0.9980157,0.023620343,0.024717813,-0.052875597,
251658240,7.283604e+29,-1.915439e-09,-1.5912844e+26,NaN,
218984774,0.99801594,0.023613272,0.02471597,-0.052875385,
219017777,0.998016,0.023609942,0.024775814,-0.052847195,
4294967295,1.0133098e+16,-60.269253,-88.50708,7.3441925,
218981959,0.9980157,0.023620343,0.024717813,-0.052875597,
218984774,0.99801594,0.023613272,0.02471597,-0.052875385,
320297487,9.448596e-37,9.448654e-37,2.9387e-41,0,
218981959,0.9980157,0.023620343,0.024717813,-0.052875597,
218981959,0.9980157,0.023620343,0.024717813,-0.052875597,
218984774,0.99801594,0.023613272,0.02471597,-0.052875385,
218984774,0.99801594,0.023613272,0.02471597,-0.052875385,
320297487,9.448596e-37,9.448654e-37,2.9387e-41,0,
320297487,9.448596e-37,9.448654e-37,2.9387e-41,0,
251658240,7.283604e+29,-1.915439e-09,-1.5912844e+26,NaN,
251658240,7.283604e+29,-1.915439e-09,-1.5912844e+26,NaN,
4294967295,1.0133098e+16,-60.269253,-88.50708,7.3441925,
4294967295,1.0133098e+16,-60.269253,-88.50708,7.3441925,
218981959,0.9980157,0.023620343,0.024717813,-0.052875597,
218981959,0.9980157,0.023620343,0.024717813,-0.052875597,
218984774,0.99801594,0.023613272,0.02471597,-0.052875385,
218984774,0.99801594,0.023613272,0.02471597,-0.052875385,
218989774,0.99801564,0.023608612,0.02473001,-0.052875895,
320297487,9.448596e-37,9.448654e-37,2.9387e-41,0,
218981959,0.9980157,0.023620343,0.024717813,-0.052875597,
218984774,0.99801594,0.023613272,0.02471597,-0.052875385,
219017777,0.998016,0.023609942,0.024775814,-0.052847195,
219019835,-3.3056896e+12,1.4926437e-30,3.3759302e+38,-14.602355,
3405162044,1.0832463e+15,1.5421821e-30,3.6658356,-3.5255626e+30,
2113539341,2.4669345e+25,-1.6858467e+33,1.04067754e+33,-2.4369997e+35,
1788677389,2.512809e-29,7.283604e+29,-1.915439e-09,-1.5912844e+26,
81,0,1.006273e+16,-60.268642,-88.50708,
218981959,0.9980157,0.023620343,0.024717813,-0.052875597,
218984774,0.99801594,0.023613272,0.02471597,-0.052875385,
219017777,0.998016,0.023609942,0.024775814,-0.052847195,
219019835,-3.3056896e+12,1.4926437e-30,3.3759302e+38,-14.602355,
3405162044,1.0832463e+15,1.5421821e-30,3.6658356,1.0132777e+16,
3262190359,-88.50708,1.2617227e+11,0,0,
391778048,-3.2939705e-19,-3.2982015e-19,-2.7769967e+38,NaN,
4294967295,4.62845e-27,9.448596e-37,9.448654e-37,2.3523711e+23,
