356962114,4096,
356402114,4096,
356842114,4096,
356482114,4096,
356522114,4096,
2000778301,15242,
2185117560,30568,
1849573240,30529,
356922114,4096,
357202114,4096,
356362114,4096,
356962114,4096,
356882114,4096,
356922114,4096,
357082114,4096,
356842114,4096,
357162114,4096,
357122114,4096,
356882114,4096,
356442114,4096,
2973907850,16260,
357242114,4096,
357802114,4096,
357842114,4096,
357882114,4096,
357922114,4096,
357962114,4096,
358002114,4096,
358042113,4096,
358082114,4096,
358122114,4096,
358162114,4096,
3774529143,22971,
358242114,4096,
358282113,4096,
358322113,4096,
358362114,4096,
358402114,4096,
358442114,4096,
358482114,4096,
358522113,4096,
358562114,4096,
358602114,4096,
358642114,4096,
358682114,4096,
358722114,4096,
358762114,4096,
358802113,4096,
358842114,4096,
358882114,4096,
358922113,4096,
358962114,4096,
359002113,4096,
359042114,4096,
359082114,4096,
359122113,4096,
359162114,4096,
359202114,4096,
359242114,4096,
359282114,4096,
359322114,4096,
359362113,4096,
359402113,4096,
359442114,4096,
359482113,4096,
359522114,4096,
359562114,4096,
359602114,4096,
359642114,4096,
359682114,4096,
359722114,4096,
359762113,4096,
359802113,4096,
359842114,4096,
359882114,4096,
359922114,4096,
359962113,4096,
993737531,15163,
360042114,4096,
360082114,4096,
360122114,4096,
360162114,4096,
360202114,4096,
360242113,4096,
360282113,4096,
360322114,4096,
360362114,4096,
360402114,4096,
360442114,4096,
360482114,4096,
360522114,4096,
360562114,4096,
360602113,4096,
360642113,4096,
360682114,4096,
360722114,4096,
360762114,4096,
360802114,4096,
360842114,4096,
360882114,4096,
360922114,4096,
360962114,4096,
361002114,4096,
361042114,4096,
361082114,4096,
361122114,4096,
361162114,4096,
361202114,4096,
361242114,4096,
361282114,4096,
361322114,4096,
361362114,4096,
361402113,4096,
361442114,4096,
361482114,4096,
361522113,4096,
361562114,4096,
361602114,4096,
361642114,4096,
361682114,4096,
361722113,4096,
361762113,4096,
361802114,4096,
361842114,4096,
361882114,4096,
361922113,4096,
361962114,4096,
362002113,4096,
362042114,4096,
362082114,4096,
362122114,4096,
362162114,4096,
362202114,4096,
362242114,4096,
3407986297,-26628,
362322114,4096,
362362114,4096,
362402113,4096,
362442114,4096,
362482114,4096,
362522113,4096,
362562113,4096,
362602114,4096,
362642114,4096,
362682114,4096,
362722114,4096,
362762114,4096,
362802114,4096,
362842114,4096,
362882113,4096,
362922114,4096,
362962113,4096,
363002114,4096,
363042114,4096,
363082114,4096,
363122114,4096,
363162114,4096,
363202114,4096,
363242114,4096,
363282113,4096,
363322114,4096,
363362114,4096,
363402113,4096,
363442114,4096,
363482114,4096,
363522114,4096,
363562114,4096,
363602114,4096,
363642114,4096,
363682114,4096,
363722114,4096,
363762114,4096,
363802113,4096,
363842114,4096,
363882114,4096,
363922114,4096,
363962114,4096,
364002113,4096,
364042114,4096,
364082114,4096,
364122114,4096,
364162114,4096,
364202114,4096,
364242114,4096,
364282114,4096,
364322113,4096,
364362114,4096,
364402114,4096,
364442114,4096,
364482114,4096,
364522114,4096,
364562114,4096,
364602114,4096,
364642114,4096,
364682114,4096,
364722113,4096,
364762114,4096,
364802114,4096,
364842114,4096,
364882114,4096,
364922114,4096,
364962114,4096,
365002114,4096,
365042114,4096,
365082114,4096,
365122114,4096,
365162114,4096,
365202114,4096,
365242114,4096,
365282114,4096,
365322114,4096,
365362114,4096,
365402114,4096,
365442114,4096,
365482114,4096,
365522114,4096,
365562113,4096,
365602114,4096,
365642114,4096,
365682114,4096,
365722114,4096,
365762114,4096,
365802114,4096,
365842114,4096,
365882113,4096,
365922113,4096,
365962113,4096,
366002114,4096,
366042114,4096,
366082114,4096,
366122114,4096,
366162114,4096,
366202114,4096,
366242113,4096,
366282113,4096,
1556725370,-10690,
366322114,4096,
366402113,4096,
366442113,4096,
366482114,4096,
366522114,4096,
366562113,4096,
366602113,4096,
366642114,4096,
366682114,4096,
366722114,4096,
366762114,4096,
366802114,4096,
366842114,4096,
366882114,4096,
366922114,4096,
366962113,4096,
367002114,4096,
367042113,4096,
367082114,4096,
367122114,4096,
367162114,4096,
367202114,4096,
367242114,4096,
367282114,4096,
367322114,4096,
367362113,4096,
367402114,4096,
367442114,4096,
367482114,4096,
367522113,4096,
367562114,4096,
367602113,4096,
367642114,4096,
367682114,4096,
367722114,4096,
367762114,4096,
367802114,4096,
367842114,4096,
367882114,4096,
367922114,4096,
367962114,4096,
368002114,4096,
368042114,4096,
368082114,4096,
368122114,4096,
368162114,4096,
368202114,4096,
368242114,4096,
368282113,4096,
368322114,4096,
368362114,4096,
368402114,4096,
368442114,4096,
368482114,4096,
368522114,4096,
368562114,4096,
368602114,4096,
368642114,4096,
368682114,4096,
368722114,4096,
368762114,4096,
368802113,4096,
368842114,4096,
368882114,4096,
368922114,4096,
368962114,4096,
369002114,4096,
369042114,4096,
369082114,4096,
369122113,4096,
369162114,4096,
369202114,4096,
369242114,4096,
369282113,4096,
369322114,4096,
369362113,4096,
369402114,4096,
369442114,4096,
369482114,4096,
369522114,4096,
369562114,4096,
369602114,4096,
369642114,4096,
369682114,4096,
369722113,4096,
369762114,4096,
369802114,4096,
369842113,4096,
369882113,4096,
369922114,4096,
369962113,4096,
370002114,4096,
370042114,4096,
370082113,4096,
370122113,4096,
370162113,4096,
370202113,4096,
370242113,4096,
370282114,4096,
370322113,4096,
370362114,4096,
3377249762,5247,
370402113,4096,
370482114,4096,
370522113,4096,
370562114,4096,
370602114,4096,
370642114,4096,
370682114,4096,
370722114,4096,
370762114,4096,
370802114,4096,
370842114,4096,
370882114,4096,
370922114,4096,
370962114,4096,
371002114,4096,
371042114,4096,
371082113,4096,
371122114,4096,
371162114,4096,
371202114,4096,
371242114,4096,
371282114,4096,
371322113,4096,
371362113,4096,
371402113,4096,
371442114,4096,
371482113,4096,
371522113,4096,
371562114,4096,
371602114,4096,
371642114,4096,
371682114,4096,
371722114,4096,
371762114,4096,
371802114,4096,
371842114,4096,
371882114,4096,
371922114,4096,
371962114,4096,
372002113,4096,
372042113,4096,
372082113,4096,
372122113,4096,
372162114,4096,
372202114,4096,
372242114,4096,
372282114,4096,
372322114,4096,
372362114,4096,
372402114,4096,
372442114,4096,
372482114,4096,
372522114,4096,
372562114,4096,
372602114,4096,
372642113,4096,
372682114,4096,
372722114,4096,
372762113,4096,
372802113,4096,
372842114,4096,
372882114,4096,
372922114,4096,
372962114,4096,
373002114,4096,
373042114,4096,
373082114,4096,
373122113,4096,
373162113,4096,
373202114,4096,
373242113,4096,
373282113,4096,
373322114,4096,
373362113,4096,
373402114,4096,
373442114,4096,
373482114,4096,
373522114,4096,
373562114,4096,
373602114,4096,
373642114,4096,
373682114,4096,
373722114,4096,
373762114,4096,
373802114,4096,
373842114,4096,
373882114,4096,
373922114,4096,
373962113,4096,
374002114,4096,
374042114,4096,
374082114,4096,
374122114,4096,
374162114,4096,
374202114,4096,
374242114,4096,
374282114,4096,
374322114,4096,
374362114,4096,
374402114,4096,
374442114,4096,
374482114,4096,
4103978573,21185,
374562114,4096,
374602114,4096,
374642114,4096,
374682114,4096,
374722114,4096,
374762114,4096,
374802114,4096,
374842114,4096,
374882114,4096,
374922114,4096,
374962114,4096,
375002114,4096,
375042114,4096,
375082114,4096,
375122114,4096,
375162114,4096,
375202114,4096,
375242114,4096,
375282114,4096,
375322114,4096,
375362114,4096,
375402114,4096,
375442114,4096,
375482114,4096,
375522114,4096,
375562114,4096,
375602114,4096,
375642114,4096,
375682114,4096,
375722114,4096,
375762114,4096,
375802114,4096,
375842114,4096,
375882114,4096,
375922114,4096,
375962113,4096,
376002114,4096,
376042114,4096,
376082114,4096,
376122114,4096,
376162114,4096,
376202114,4096,
376242114,4096,
376282114,4096,
376322114,4096,
376362114,4096,
376402114,4096,
376442114,4096,
376482114,4096,
376522114,4096,
376562114,4096,
376602114,4096,
376642114,4096,
376682113,4096,
376722114,4096,
376762114,4096,
376802114,4096,
376842113,4096,
376882114,4096,
376922114,4096,
376962114,4096,
377002114,4096,
377042114,4096,
377082114,4096,
377122114,4096,
377162114,4096,
377202114,4096,
377242114,4096,
377282114,4096,
377322114,4096,
377362114,4096,
377402114,4096,
377442114,4096,
377482113,4096,
377522114,4096,
377562114,4096,
377602113,4096,
377642114,4096,
377682114,4096,
377722114,4096,
377762114,4096,
377802114,4096,
377842114,4096,
377882114,4096,
377922114,4096,
377962114,4096,
378002114,4096,
378042114,4096,
378082114,4096,
378122114,4096,
378162114,4096,
378202114,4096,
378242114,4096,
378282114,4096,
378322114,4096,
378362114,4096,
378402114,4096,
378442114,4096,
378482114,4096,
378522114,4096,
378562114,4096,
1660468859,-28414,
378642114,4096,
378682114,4096,
378722114,4096,
378762114,4096,
378802114,4096,
378842114,4096,
378882113,4096,
378922114,4096,
378962114,4096,
379002114,4096,
379042114,4096,
379082114,4096,
379122114,4096,
379162114,4096,
379202114,4096,
379242114,4096,
379282114,4096,
379322114,4096,
379362114,4096,
379402114,4096,
379442114,4096,
379482114,4096,
379522114,4096,
379562114,4096,
379602114,4096,
379642114,4096,
379682114,4096,
379722114,4096,
379762114,4096,
379802114,4096,
379842114,4096,
379882114,4096,
379922114,4096,
379962114,4096,
380002114,4096,
380042114,4096,
380082114,4096,
380122113,4096,
380162114,4096,
380202113,4096,
380242114,4096,
380282114,4096,
380322114,4096,
380362114,4096,
380402114,4096,
380442114,4096,
380482114,4096,
380522114,4096,
380562114,4096,
380602114,4096,
380642113,4096,
380682114,4096,
380722114,4096,
380762114,4096,
380802114,4096,
380842114,4096,
380882114,4096,
380922114,4096,
380962114,4096,
381002114,4096,
381042114,4096,
381082113,4096,
381122114,4096,
381162114,4096,
381202113,4096,
381242114,4096,
381282114,4096,
381322114,4096,
381362114,4096,
381402113,4096,
381442114,4096,
381482114,4096,
381522113,4096,
381562114,4096,
381602114,4096,
381642114,4096,
381682114,4096,
381722114,4096,
381762114,4096,
381802114,4096,
381842114,4096,
381882114,4096,
381922113,4096,
381962113,4096,
382002114,4096,
382042114,4096,
382082113,4096,
382122114,4096,
382162114,4096,
382202114,4096,
382242114,4096,
382282114,4096,
382322114,4096,
382362114,4096,
382402114,4096,
382442114,4096,
382482114,4096,
382522113,4096,
382562114,4096,
382602114,4096,
382642113,4096,
3580935804,-12476,
382722114,4096,
382762114,4096,
382802114,4096,
382842114,4096,
382882114,4096,
382922114,4096,
382962113,4096,
383002114,4096,
383042114,4096,
383082114,4096,
383122114,4096,
383162114,4096,
383202114,4096,
383242114,4096,
383282114,4096,
383322114,4096,
383362114,4096,
383402114,4096,
383442114,4096,
383482114,4096,
383522114,4096,
383562114,4096,
383602114,4096,
383642114,4096,
383682114,4096,
383722114,4096,
383762114,4096,
383802114,4096,
383842114,4096,
383882114,4096,
383922114,4096,
383962114,4096,
384002114,4096,
384042113,4096,
384082114,4096,
384122114,4096,
384162114,4096,
384202114,4096,
384242114,4096,
384282114,4096,
384322113,4096,
384362114,4096,
384402114,4096,
384442114,4096,
384482113,4096,
384522114,4096,
384562114,4096,
384602114,4096,
384642113,4096,
384682114,4096,
384722113,4096,
384762114,4096,
384802114,4096,
384842114,4096,
384882114,4096,
384922114,4096,
384962114,4096,
385002114,4096,
385042114,4096,
385082114,4096,
385122114,4096,
385162114,4096,
385202114,4096,
385242113,4096,
385282114,4096,
385322114,4096,
385362114,4096,
385402114,4096,
385442114,4096,
385482114,4096,
385522114,4096,
385562114,4096,
385602114,4096,
385642114,4096,
385682114,4096,
385722114,4096,
385762114,4096,
385802114,4096,
385842114,4096,
385882114,4096,
385922114,4096,
385962114,4096,
386002114,4096,
386042113,4096,
386082114,4096,
386122114,4096,
386162114,4096,
386202113,4096,
386242114,4096,
386282114,4096,
386322114,4096,
386362114,4096,
386402114,4096,
386442114,4096,
386482113,4096,
386522113,4096,
386562114,4096,
386602114,4096,
386642113,4096,
386682114,4096,
386722114,4096,
386802114,4096,
386842113,4096,
386882114,4096,
386922114,4096,
386962114,4096,
387002114,4096,
387042114,4096,
387082114,4096,
387122114,4096,
387162114,4096,
387202114,4096,
387242114,4096,
387282113,4096,
387322114,4096,
387362113,4096,
387402114,4096,
387442114,4096,
387482113,4096,
387522113,4096,
387562114,4096,
387602114,4096,
387642114,4096,
387682114,4096,
387722114,4096,
387762114,4096,
387802114,4096,
387842114,4096,
387882114,4096,
387922114,4096,
387962114,4096,
388002114,4096,
388042114,4096,
388082114,4096,
388122114,4096,
388162114,4096,
388202113,4096,
388242114,4096,
388282114,4096,
388322114,4096,
388362114,4096,
388402114,4096,
388442114,4096,
388482114,4096,
388522114,4096,
388562114,4096,
388602114,4096,
388642114,4096,
388682114,4096,
388722114,4096,
388762114,4096,
388802114,4096,
388842114,4096,
388882114,4096,
388922114,4096,
388962114,4096,
389002114,4096,
389042114,4096,
389082114,4096,
389122113,4096,
389162114,4096,
389202113,4096,
389242114,4096,
389282114,4096,
389322114,4096,
389362114,4096,
389402114,4096,
389442114,4096,
389482114,4096,
389522114,4096,
389562114,4096,
389602114,4096,
389642114,4096,
389682114,4096,
389722114,4096,
389762114,4096,
389802113,4096,
389842114,4096,
389882114,4096,
389922114,4096,
389962114,4096,
390002114,4096,
390042113,4096,
390082114,4096,
390122114,4096,
390162114,4096,
390202114,4096,
390242113,4096,
390282114,4096,
390322114,4096,
390362114,4096,
390402114,4096,
390442114,4096,
390482114,4096,
390522114,4096,
390562114,4096,
390602114,4096,
390642114,4096,
390682114,4096,
390722114,4096,
390762114,4096,
1123663487,19399,
390802114,4096,
390882113,4096,
390922114,4096,
390962114,4096,
391002114,4096,
391042114,4096,
391082114,4096,
391122114,4096,
391162113,4096,
391202114,4096,
391242114,4096,
391282114,4096,
391322114,4096,
391362114,4096,
391402114,4096,
391442114,4096,
391482114,4096,
391522114,4096,
391562114,4096,
391602114,4096,
391642114,4096,
391682114,4096,
391722113,4096,
391762114,4096,
391802114,4096,
391842114,4096,
391882114,4096,
391922114,4096,
391962113,4096,
392002114,4096,
392042114,4096,
392082114,4096,
392122113,4096,
392162114,4096,
392202114,4096,
392242114,4096,
392282114,4096,
392322114,4096,
392362114,4096,
392402114,4096,
392442114,4096,
392482114,4096,
392522113,4096,
392562114,4096,
392602114,4096,
392642114,4096,
392682114,4096,
392722113,4096,
392762114,4096,
392802114,4096,
392842114,4096,
392882114,4096,
392922114,4096,
392962114,4096,
393002114,4096,
393042113,4096,
393082114,4096,
393122113,4096,
393162114,4096,
393202114,4096,
393242114,4096,
393282114,4096,
393322114,4096,
393362114,4096,
393402113,4096,
393442114,4096,
393482114,4096,
393522114,4096,
393562114,4096,
393602114,4096,
393642113,4096,
393682114,4096,
393722114,4096,
393762113,4096,
393802114,4096,
393842113,4096,
393882114,4096,
393922114,4096,
393962114,4096,
394002114,4096,
394042113,4096,
394082114,4096,
394122114,4096,
394162113,4096,
394202114,4096,
394242114,4096,
394282114,4096,
394322114,4096,
394362114,4096,
394402114,4096,
394442114,4096,
394482114,4096,
394522114,4096,
394562114,4096,
394602113,4096,
394642114,4096,
394682114,4096,
394722114,4096,
394762113,4096,
394802114,4096,
394842114,4096,
394882113,4096,
1794227840,-30044,
394922114,4096,
395002114,4096,
395042113,4096,
395082114,4096,
395122113,4096,
395162114,4096,
395202113,4096,
395242114,4096,
395282114,4096,
395322114,4096,
395362114,4096,
395402114,4096,
395442114,4096,
395482114,4096,
395522114,4096,
395562113,4096,
395602114,4096,
395642114,4096,
395682114,4096,
395722114,4096,
395762113,4096,
395802113,4096,
395842114,4096,
395882114,4096,
395922114,4096,
395962114,4096,
396002114,4096,
396042114,4096,
396082114,4096,
396122114,4096,
396162114,4096,
396202114,4096,
396242114,4096,
396282114,4096,
396322114,4096,
396362114,4096,
396402114,4096,
396442114,4096,
396482114,4096,
396522113,4096,
396562114,4096,
396602114,4096,
396642114,4096,
396682114,4096,
396722114,4096,
396762114,4096,
396802114,4096,
396842114,4096,
396882114,4096,
396922114,4096,
396962114,4096,
397002114,4096,
397042114,4096,
397082114,4096,
397122114,4096,
397162114,4096,
397202114,4096,
397242114,4096,
397282113,4096,
397322114,4096,
397362114,4096,
397402114,4096,
397442114,4096,
397482114,4096,
397522113,4096,
397562114,4096,
397602114,4096,
397642114,4096,
397682113,4096,
397722114,4096,
397762113,4096,
397802114,4096,
397842114,4096,
397882114,4096,
397922114,4096,
397962114,4096,
398002114,4096,
398042114,4096,
398082114,4096,
398122114,4096,
398162114,4096,
398202114,4096,
398242114,4096,
398282113,4096,
398322114,4096,
398362114,4096,
398402113,4096,
398442114,4096,
398482114,4096,
398522114,4096,
398562113,4096,
398602114,4096,
398642114,4096,
398682114,4096,
398722114,4096,
398762114,4096,
398802113,4096,
398842114,4096,
398882114,4096,
398922114,4096,
398962114,4096,
399002113,4096,
3196154974,-32067,
399042113,4096,
399122114,4096,
399162114,4096,
399202114,4096,
399242114,4096,
399282114,4096,
399322114,4096,
399362114,4096,
399402114,4096,
399442114,4096,
399482114,4096,
399522114,4096,
399562114,4096,
399602114,4096,
399642114,4096,
399682114,4096,
399722114,4096,
399762114,4096,
399802114,4096,
399842113,4096,
399882114,4096,
399922114,4096,
399962114,4096,
400002114,4096,
400042114,4096,
400082114,4096,
400122114,4096,
400162114,4096,
400202114,4096,
400242114,4096,
400282114,4096,
400322114,4096,
400362114,4096,
400402114,4096,
400442114,4096,
400482114,4096,
400522114,4096,
400562114,4096,
400602114,4096,
400642114,4096,
400682114,4096,
400722114,4096,
400762113,4096,
400802114,4096,
400842114,4096,
400882114,4096,
400922113,4096,
400962114,4096,
401002114,4096,
401042114,4096,
401082113,4096,
401122114,4096,
401162114,4096,
401202114,4096,
401242114,4096,
401282114,4096,
401322114,4096,
401362114,4096,
401402114,4096,
401442114,4096,
401482114,4096,
401522113,4096,
401562114,4096,
401602114,4096,
401642114,4096,
401682114,4096,
401722114,4096,
401762114,4096,
401802114,4096,
401842114,4096,
401882114,4096,
401922114,4096,
401962114,4096,
402002113,4096,
402042114,4096,
402082114,4096,
402122114,4096,
402162114,4096,
402202114,4096,
402242114,4096,
402282114,4096,
402322114,4096,
402362114,4096,
402402114,4096,
402442114,4096,
402482114,4096,
402522114,4096,
402562114,4096,
402602114,4096,
402642114,4096,
402682113,4096,
402722113,4096,
402762113,4096,
402802114,4096,
402842113,4096,
402882114,4096,
402922114,4096,
402962114,4096,
403002114,4096,
403042114,4096,
403082114,4096,
403122114,4096,
515882626,2144,
403162113,4096,
403242114,4096,
403282114,4096,
403322114,4096,
403362114,4096,
403402114,4096,
403442114,4096,
403482114,4096,
403522114,4096,
403562114,4096,
403602113,4096,
403642114,4096,
403682114,4096,
403722114,4096,
403762114,4096,
403802114,4096,
403842114,4096,
403882114,4096,
403922114,4096,
403962114,4096,
404002114,4096,
404042114,4096,
404082114,4096,
404122113,4096,
404162114,4096,
404202114,4096,
404242113,4096,
404282114,4096,
404322114,4096,
