219019835,27293,
219019835,27293,
3396937020,56380,
219019835,27293,
219019835,27293,
219019835,56380,
218995775,32259,
218995775,32259,
219019835,27293,
219019835,27293,
219019835,27293,
219019835,27293,
219019835,27293,
219019835,27293,
219019835,27293,
219019835,27293,
219019835,27293,
219019835,27293,
219019835,27293,
219019835,27293,
219019835,27293,
219019835,27293,
219019835,27293,
219019835,27293,
219019835,27293,
219019835,27293,
219019835,27293,
219019835,27293,
219019835,27293,
219019835,27293,
219019835,27293,
219019835,27293,
219019835,27293,
219019835,27293,
219019835,27293,
219019835,27293,
219019835,27293,
219019835,27293,
219019835,27293,
219019835,27293,
219019835,27293,
219019835,27293,
219019835,27293,
219019835,27293,
219019835,27293,
219019835,27293,
219019835,27293,
219019835,27293,
219019835,27293,
219019835,27293,
219019835,27293,
219019835,27293,
219019835,27293,
219019835,27293,
219019835,27293,
219019835,27293,
219019835,27293,
219019835,27293,
219019835,27293,
219019835,27293,
219019835,27293,
219019835,27293,
219019835,27293,
219019835,27293,
219019835,27293,
219019835,27293,
219019835,27293,
219019835,27293,
219019835,27293,
219019835,27293,
219019835,27293,
219019835,27293,
219019835,27293,
219019835,27293,
219019835,27293,
219019835,27293,
219019835,27293,
219019835,27293,
219019835,27293,
219019835,27293,
219019835,27293,
219019835,27293,
219019835,27293,
219019835,27293,
