312522107,44513,
475938687,15645,
312602108,46024,
312522107,44513,
312602108,46024,
312642106,44730,
312642106,44730,
312562108,45705,
312122106,45737,
312682107,45825,
312482108,45849,
312002106,45065,
312042108,44858,
312162106,45441,
312562108,45705,
312082107,45241,
312682107,45825,
312722106,46049,
312762108,45129,
312802106,45857,
312842106,45737,
312882108,45537,
312922106,45385,
312962106,45345,
313002106,45912,
313042106,45681,
313082106,45929,
313122108,45194,
313162106,45297,
313202106,45569,
313242106,45857,
313282108,45754,
313322106,45194,
313362108,46129,
313402108,45569,
313442108,45465,
313482106,46521,
313522108,45841,
313562108,45329,
313602106,46320,
313642108,46041,
313682108,46041,
313722106,45569,
313762107,45257,
313802108,44945,
313842108,45297,
313882106,44609,
313922107,45529,
313962106,45569,
314002107,46161,
314042106,46320,
314082108,46952,
314122108,46952,
314162106,46920,
314202107,45657,
314242106,45993,
314282106,45961,
314322106,46064,
314362106,46624,
314402107,46696,
314442108,45801,
314482106,46329,
314522107,45841,
314562106,45369,
314602106,45457,
314642108,46129,
314682108,45985,
314722107,45297,
314762106,46185,
314802107,45321,
314842106,45937,
314882108,45305,
314922106,45489,
314962108,45497,
315002107,45513,
315042108,45233,
315082108,45705,
315122108,45721,
315162108,46393,
315202108,45881,
315242107,45968,
315282106,45857,
315322106,45849,
315362108,44802,
315402107,45689,
315442106,45073,
315482108,45530,
315522106,46146,
315562107,46288,
4247206455,48383,
315602106,46441,
315682108,45513,
315722106,46161,
315762108,45457,
315802106,45761,
315842106,45696,
315882107,46441,
315922107,44721,
315962107,46008,
316002106,45361,
316042108,44818,
316082106,46312,
316122106,44689,
316162108,45625,
316202108,46632,
316242106,45841,
316282107,45154,
316322108,45177,
316362107,45537,
316402107,46441,
316442106,45449,
316482108,46112,
316522106,46112,
316562106,46041,
316602108,46544,
316642107,45521,
316682106,46209,
316722108,45353,
316762107,46032,
316802106,45632,
316842108,44905,
316882106,45121,
316922106,45705,
316962107,45752,
317042106,45177,
317082106,46017,
317122106,45513,
317162106,45952,
317202107,46017,
317242106,45856,
317282107,45705,
317322106,45633,
317362107,45345,
317402107,45617,
317442106,45705,
317482106,45889,
317522106,46568,
317562108,44786,
317602107,45729,
317642108,45609,
317682108,45073,
317722107,45065,
317762108,45121,
317802107,45945,
317842108,45377,
317882106,45305,
317922108,45721,
317962108,46360,
318002106,45729,
318042108,46312,
318082106,46816,
318122106,44969,
318162108,45808,
318202107,45777,
318242108,45433,
318282108,46217,
318322106,44993,
318362106,44921,
318402108,46256,
318442108,46280,
318482106,44969,
318522108,45561,
318562108,46672,
318602108,45912,
318642106,44465,
318682107,45537,
318762108,45177,
318802106,45321,
318842106,45609,
318882106,45609,
318922107,45833,
318962108,45209,
319002108,44761,
319042106,44937,
319082106,44721,
319122108,45881,
319162106,45816,
319202106,45385,
319242106,45872,
319282106,45057,
319322106,45441,
319362108,45593,
319402106,45800,
319442107,45193,
319482106,45856,
319522107,44977,
319562107,44505,
319602106,45257,
1699035730,48388,
319642106,45409,
319722106,44953,
319762108,45344,
319802106,44937,
319842106,45864,
319882106,44961,
319922106,45640,
319962106,45721,
320002108,45920,
320042106,45729,
320082108,44785,
320122108,45321,
320162106,45632,
320202106,45665,
320242106,45512,
320282106,45721,
320322108,45984,
320362106,45064,
320402107,45968,
320442108,45144,
320482107,45881,
320522108,45424,
320562106,44929,
320602107,46440,
320642106,44785,
320682108,45424,
320722106,46152,
320762108,45648,
320802108,45521,
320842106,45256,
320882106,45592,
320922106,45648,
320962106,45545,
321002107,45329,
321042108,45504,
321082106,45472,
321122108,45711,
321162108,46272,
321202106,45657,
321242106,45657,
321282108,45769,
321322106,45657,
321362108,45392,
321402106,45792,
321442106,46072,
321482106,45480,
321522108,45968,
321562106,45064,
321602106,45073,
321642106,45232,
321682106,45648,
321722106,45112,
321762106,45728,
321802108,46303,
321842108,46087,
321882106,45639,
321922108,45024,
321962106,45992,
322002106,45392,
322042108,46296,
322082108,45616,
322122106,45129,
322162106,45280,
322202106,44632,
322242106,46311,
322282107,45688,
322322108,45639,
322362106,45304,
322402107,46031,
322442106,45263,
322482106,45496,
322522108,46143,
322562106,45776,
322602108,45000,
322642106,45552,
322682108,45440,
322722108,46735,
322762106,45176,
322802106,45832,
322842108,45416,
322882108,45832,
322922106,45359,
322962108,45352,
323002108,45472,
323042108,45984,
323082108,45552,
323122106,45431,
323162108,45504,
323202106,45272,
323242108,45751,
323282107,45072,
323322106,46047,
323362107,45751,
323402108,45687,
323442107,44904,
323482106,44840,
323522108,46103,
323562108,44896,
323602106,45464,
323642106,45464,
323682106,44536,
151140979,48392,
323762107,45431,
323802106,44992,
323842106,46311,
323882108,45776,
323922108,46456,
323962106,44840,
324002108,45232,
324042108,45855,
324082108,46327,
324122106,46423,
324162106,45583,
324202107,45192,
324242107,46383,
324282108,45767,
324322106,46240,
324362108,45935,
324402106,45224,
324442106,45176,
324482108,45240,
324522106,45687,
324562106,45687,
324602108,45352,
324642108,44992,
324682106,45944,
324722108,44593,
324762107,44864,
324802107,45560,
324842106,45583,
324882106,45520,
324922108,46232,
324962108,45280,
325002106,45360,
325042106,46128,
325082106,46000,
325122106,46104,
325162108,46224,
325202107,46152,
325242106,44673,
325282106,46040,
325322108,45192,
325362107,45321,
325402107,45840,
325442108,46248,
325482108,46847,
325522106,44952,
325562108,44769,
325602108,44441,
325642106,46016,
325682107,45704,
325722106,44617,
325762106,46776,
325802108,45088,
325842107,46192,
325882107,45568,
325922108,45536,
325962106,45168,
326002106,45168,
326042108,44505,
326082106,44849,
326122106,45881,
326162106,45848,
326202108,45200,
326242106,44896,
326282108,45232,
326322108,46616,
326362108,45945,
326402108,45336,
326442108,45743,
326482106,45392,
326522108,45664,
326562106,45784,
326602106,45767,
326642107,44872,
326682108,45016,
326722106,45950,
326762107,45879,
326802107,45296,
326842108,44601,
326882107,44928,
326922106,45575,
326962108,45960,
327002106,45255,
327042106,45711,
327082106,44880,
327122106,44960,
327162108,44184,
327202106,45479,
327242106,45527,
327322107,45560,
327362108,45256,
327402106,46168,
327442106,46031,
327482106,44992,
327522106,46303,
327562108,44984,
327602106,45192,
327642106,44729,
327682106,45695,
4258478697,48395,
327722106,46191,
327802106,45552,
327842106,45536,
327882106,45560,
327922108,45440,
327962108,45128,
328002106,45072,
328042106,45848,
328082108,45711,
328162106,44505,
328202106,45527,
328242106,45168,
328282106,45120,
328322107,45512,
328362108,45512,
328402106,45465,
328442108,45728,
328482108,46152,
328522108,45657,
328562108,44985,
328602108,45816,
328642108,45736,
328682108,44929,
328722106,43978,
328762108,45984,
328802106,45424,
328842106,45657,
328882106,46112,
328922106,45433,
328962106,46360,
329002106,45409,
329042107,45193,
329082108,46192,
329122106,45793,
329162106,45849,
329202108,45385,
329242107,44865,
329282106,45537,
329322106,45073,
329362106,44737,
329402108,45154,
329442106,46185,
329482108,45945,
329522107,45698,
329562106,46121,
329602107,45218,
329642106,45401,
329682108,45449,
329722106,44994,
329762106,46609,
329802108,45545,
329842106,45257,
329882106,45569,
329922106,45409,
329962108,44881,
330002106,45729,
330042107,45210,
330082106,45729,
330122106,44553,
330162108,44745,
330202108,46456,
330242106,45449,
330282107,45369,
330322106,45256,
330362106,45056,
330402107,45168,
330442108,45168,
330482108,45576,
330522106,45472,
330602108,45704,
330642106,45032,
330682106,45241,
330722106,45760,
330762108,45760,
330802108,46408,
330842108,45760,
330882106,45583,
330922108,45168,
330962106,44785,
331002108,45760,
331042106,46311,
331082108,45616,
331122106,45696,
331162106,45840,
331202107,45112,
331242107,45041,
331282108,45928,
331322107,45848,
331362106,44649,
331402106,46000,
331442106,45688,
331482106,45976,
331522106,45449,
331562108,46360,
331602106,44609,
331642107,45825,
331682106,45369,
331722108,45632,
331762106,45665,
331802108,46480,
102776014,48643,
331882108,45665,
331922108,45489,
331962107,45441,
332002108,45937,
332042108,45841,
332082106,45793,
332122106,45481,
332162106,46816,
332202108,45737,
332242106,45769,
332282108,45313,
332322108,45609,
332362107,45584,
332402106,45561,
332442106,45161,
332482106,45736,
332522106,45609,
332562106,45665,
332602106,45400,
1010580540,15420,
332682108,45329,
332722106,44817,
332762108,45424,
332802108,45312,
332842106,44968,
332882106,45336,
332922106,45377,
332962106,45736,
333002106,45400,
333042106,46328,
333082106,46031,
333122108,46031,
333162108,45728,
333202106,45360,
333242106,45168,
333282108,45000,
333322106,45048,
333362107,45232,
333402108,45464,
333442106,45552,
333482108,46439,
333522106,45888,
333562106,45543,
333602108,45064,
333642108,44904,
333682106,45944,
333722107,45872,
333762108,45736,
333802108,44680,
333842108,45543,
333882106,46191,
333922107,45624,
333962106,45248,
334002108,46135,
334042108,45416,
334082107,45496,
334122106,45888,
334202106,44880,
334242107,45855,
334282107,45687,
334322108,44568,
334362107,45599,
334402106,45408,
334442106,45288,
334482107,46303,
334522106,45247,
334562106,45935,
334602108,46479,
334642108,45575,
334682106,45328,
334722106,45375,
334762106,45143,
334802106,46039,
334842106,44928,
334882106,45655,
334922106,45751,
334962106,46726,
335002108,45767,
335042106,44840,
335082107,45848,
335162106,44840,
335202106,45703,
335242106,45184,
335282106,44528,
335322108,45799,
335362106,45479,
335402108,46184,
335442108,45015,
335482108,45015,
335522108,44736,
335562108,46151,
335602107,45080,
335642108,45542,
335682108,46031,
335722106,46046,
335762108,45807,
335802108,45471,
335842106,44408,
335882106,45901,
1996897807,48633,
335962106,46005,
336002106,45871,
336042108,45359,
336082108,45071,
336122106,45439,
336162106,45863,
336202108,44959,
336242106,45032,
336282108,46046,
336322106,46502,
336362108,44856,
336402106,45110,
336442108,44912,
336482106,45094,
336522108,45781,
336562108,44655,
336602106,44599,
336642108,45357,
336682106,45407,
336722106,45022,
336762106,46253,
336802106,44870,
336842108,45837,
336882106,44798,
336922108,44806,
336962106,45789,
337002108,45534,
337042106,45190,
337082106,45110,
337122107,45397,
337162108,45558,
337202106,44750,
337242106,44814,
337282106,45478,
337322106,44518,
337362106,45957,
337402108,45166,
337442108,44966,
337482108,45349,
337522108,45165,
337562106,44717,
337602106,45333,
337642106,45573,
337682107,45509,
337722106,45957,
337762107,45509,
337802106,44885,
337842106,45149,
337882108,45149,
337922106,45061,
337962106,45549,
338002107,45269,
338042106,45836,
338082106,44710,
338122108,46028,
338162106,45468,
338202106,45765,
338242106,45221,
338282108,45549,
338322106,44821,
338362106,45133,
338402106,45244,
338442106,46013,
338482106,45269,
338522106,45109,
338562106,44861,
338602108,45773,
338642106,45325,
338682107,45557,
338722106,45916,
338762106,46037,
338802106,45373,
338842106,46132,
338882106,45213,
338922106,45580,
338962106,44829,
339002108,45804,
339042106,45732,
339082106,45389,
339122106,45325,
339162106,45932,
339202108,45460,
339242106,45277,
339282106,46427,
339322106,45644,
339362106,45149,
339402108,46691,
339442108,46149,
339482108,46564,
339522106,45284,
339562108,45508,
339602106,45252,
339642106,45012,
339682106,46412,
339722106,45676,
339762108,45732,
339802106,44628,
339842106,45988,
339882108,45373,
339922108,45580,
1703034663,48601,
339962106,45292,
340042106,45644,
340082107,45444,
340122108,45940,
340162108,45597,
340202108,45876,
340242106,45876,
340282106,45644,
340322106,45076,
340362108,45644,
340402106,45252,
340442108,45636,
340482106,45507,
340522106,45572,
340562106,45653,
340602108,45429,
340642107,44964,
340682107,45476,
340722108,45844,
340762108,44964,
340802106,45261,
340842106,45476,
340882108,45988,
340922107,46347,
340962108,46355,
341002108,45588,
341042108,45196,
341082108,45732,
341122106,45429,
341162106,45109,
341202108,45916,
341242106,45868,
341282108,46220,
341362106,45692,
341402108,45373,
341442106,45261,
341482108,44717,
341522108,45597,
341562108,45732,
341602107,46268,
341642108,44876,
341682106,46389,
341722106,45348,
341762108,45373,
341802107,45460,
341842106,45340,
341882106,45668,
341922106,45061,
341962108,46092,
342002108,45516,
342042108,45796,
342082107,45532,
342122106,45556,
342162106,45173,
342202108,45292,
342282106,45468,
342322106,46324,
342362106,45724,
342402108,45156,
342442106,45388,
342482108,45420,
342522108,45644,
342562108,45373,
342602108,45373,
342642106,44813,
342682106,44804,
342722108,45836,
342762106,45932,
342802106,45460,
342842106,45780,
342882106,45500,
342922106,45132,
342962108,46036,
343002106,45268,
343042108,46092,
343082108,45444,
343122106,46028,
343162106,45117,
343202106,45964,
343242106,45485,
343282106,45653,
343322106,45236,
343362106,45748,
343402106,45084,
343482106,45061,
343522106,46028,
343562108,45588,
343602108,44557,
343642106,45948,
343682108,45124,
343722106,45133,
343762108,45284,
343802106,46436,
343842108,45220,
343882106,45780,
343922107,45324,
343962106,45117,
344002106,45236,
344042108,45388,
4062985619,48966,
344122108,45860,
344162106,44669,
344202106,45356,
344242106,45709,
344282106,45101,
344322108,45396,
344362106,44885,
344402106,45252,
344442106,45140,
344482106,46340,
344522106,45325,
344562106,45668,
344602106,45196,
344642106,45429,
344682106,45332,
344722106,45404,
344762108,44852,
344802108,45804,
344842107,47171,
344882108,46523,
344922108,45588,
344962108,45588,
345042106,45948,
345082106,45692,
345122108,45308,
345162106,46092,
345202107,45180,
345242106,46635,
345282108,44876,
345322107,44964,
345362107,45740,
345402106,45604,
345442106,45628,
345482106,45531,
345522106,46052,
345562107,45556,
345602107,46851,
345642108,44764,
345682108,45083,
345722108,45204,
345762106,45507,
345802108,45796,
345842108,45819,
345882106,46172,
345922108,45339,
345962106,45908,
346002106,45315,
346042106,45267,
346082107,45699,
346122108,46051,
346162106,46451,
346202106,44940,
346242106,46139,
346282106,45451,
346322108,45411,
346362108,44747,
346402107,45419,
346442108,45419,
346482106,45371,
346522106,45739,
346562107,46595,
346602108,45179,
346642106,45459,
346682108,46139,
346722106,45939,
346762107,45739,
346802106,45187,
346842106,44996,
346882108,45459,
346922108,46195,
346962108,44987,
347002108,45780,
347042106,45818,
347082106,45299,
347122106,44955,
347162106,46249,
347202108,45539,
347242106,45395,
347282107,45867,
347322106,45867,
347362106,45563,
347402106,46723,
347442108,44332,
347482108,45371,
347522106,45858,
347562106,44873,
347602108,45811,
347642106,45442,
347682106,46091,
347722108,45571,
347762108,45074,
347802106,46291,
347842108,45755,
347882106,45419,
347922108,45330,
347962106,45643,
348002106,44994,
348042106,45699,
348082108,46187,
348122107,45339,
422788240,48536,
348202106,45554,
348242108,44923,
348282106,45851,
348322108,45578,
348362107,45515,
348402108,46266,
348442107,45386,
348482108,46098,
348522108,45147,
348562106,45971,
348602106,45803,
348642106,45691,
348682106,46203,
348722107,45372,
348762108,46020,
348802106,45875,
348842108,45412,
348882107,45707,
348922107,46036,
348962108,46203,
349002108,46060,
349042106,45412,
349082106,45541,
349122106,45388,
349162106,44717,
349202106,45787,
349242108,46004,
349282106,45804,
349322106,45940,
349362108,45619,
349402108,45740,
349442108,44820,
349482106,45148,
349522106,45283,
349562106,45803,
349602108,46116,
349642108,45283,
349682108,47322,
349722106,47322,
349762108,44388,
349802108,45780,
349842108,46339,
349882108,45755,
349922107,44859,
349962106,45323,
350002106,45507,
350042108,46259,
350082106,44924,
350122106,45524,
350162108,44907,
350202106,45148,
350242108,45419,
350282108,45027,
350322106,46675,
350362106,46627,
350402107,45348,
350442108,45060,
350482106,45004,
350522106,44476,
350562106,45604,
350602108,45747,
350642108,46563,
350682106,45388,
350722106,45348,
350802106,45612,
350842106,45531,
350882108,45027,
350922106,46179,
350962108,45915,
351002108,45859,
351042108,44828,
351082106,45643,
351122106,46067,
351162106,45675,
351202108,46235,
351242108,45619,
351282106,45388,
351322106,45148,
351362108,44756,
351402108,46228,
351442108,46091,
351482106,46571,
351522107,45515,
351562106,46004,
351602106,46395,
351642106,45395,
351682108,45596,
351722106,45556,
351762108,45699,
351802106,45068,
351842108,46387,
351882107,45716,
351922108,45307,
351962107,46715,
352002106,45787,
352042106,43956,
352082108,43956,
352122106,45628,
352162108,46147,
352202106,45372,
3977919304,48655,
352282106,45699,
352322108,46491,
352362107,45412,
352402107,44941,
352442108,45772,
352482108,45284,
352522108,45195,
352562108,45867,
352602106,45180,
352642106,45283,
352682106,45660,
352722108,45395,
352762108,45428,
352802106,46179,
352842106,46051,
352882106,44924,
352922108,46307,
352962106,45324,
353002108,45451,
353042108,45923,
353082106,45731,
353122108,46011,
353162106,45636,
353202106,45964,
353242106,46707,
353282106,46556,
353322106,45604,
353362108,45643,
353402108,44885,
353442108,45451,
353482106,46132,
353522106,45604,
353562108,45484,
353602106,45260,
353642106,46859,
353682106,45563,
353722108,45348,
353762108,45115,
353802108,44948,
353842107,46043,
353882108,46323,
353962106,45251,
354002106,46299,
354042106,44915,
354082106,45012,
354122106,45931,
354162108,44859,
354202106,45075,
1313754702,20046,
354322108,45379,
354362108,45332,
354402106,45531,
354442106,45419,
354482106,45419,
354522106,45675,
354562108,45355,
354602107,45227,
354642108,45491,
354682108,45963,
354722107,45539,
354762108,45986,
354802108,44923,
354842108,46098,
354882108,45403,
354922106,45123,
354962106,46107,
355002106,46019,
355042107,45843,
355082107,45899,
355122108,45627,
355162106,45531,
355202106,45827,
355242106,45811,
355282107,45643,
355322108,45643,
355362106,44940,
355402106,45867,
355442106,45515,
355482108,45515,
355522106,45475,
355562107,46291,
355602108,45274,
355642106,45603,
355682108,45003,
355722106,45635,
355762106,45491,
355802106,44979,
355842108,45515,
355882108,45571,
355922108,46371,
355962108,46251,
356002106,45659,
356042108,46228,
356082106,45516,
356122106,45979,
356162108,45507,
356202107,45668,
356242108,45859,
2416589647,48656,
356362108,45540,
356402106,46164,
356442106,46564,
356482108,45548,
356522108,46011,
356562108,45828,
356602106,46220,
356642108,45628,
356682106,44972,
356722106,45364,
356762106,46228,
356802108,45916,
356842106,45284,
356882106,45284,
356922108,45212,
356962106,45740,
357002106,45324,
357042108,45188,
357082106,46076,
357122107,45444,
357162106,45268,
357202108,45908,
357242106,45083,
357282106,45109,
357322106,45620,
357362108,45596,
357402108,45628,
357442108,46259,
357482107,46251,
357522106,45772,
357562106,46332,
357602108,45563,
357642107,45093,
357682106,44661,
357722106,46172,
357762108,45173,
357802106,46315,
357842106,45452,
357882107,46140,
357922106,45756,
357962108,45533,
358002108,45061,
358042106,46084,
358082106,45597,
358122106,45021,
358162106,44972,
358202106,45916,
358242106,45524,
358282106,45516,
358322106,45373,
358362107,45501,
358402108,46620,
358442108,46068,
358482108,45140,
358522106,45420,
358562106,45213,
358602106,45261,
358642106,45532,
358682106,45748,
358722106,46531,
358762108,45764,
358802106,44844,
358842106,45724,
358882108,45348,
358922106,45117,
358962106,46172,
359002108,45076,
359042106,45500,
359082106,45068,
359122106,45524,
359162108,45420,
359202108,45284,
359242106,45284,
359282108,45572,
359322106,45541,
359402106,45429,
359442106,45572,
359482108,44661,
359522106,45844,
359562106,44965,
359602106,44661,
359642108,45653,
359682106,45717,
359722106,45669,
359762108,44909,
359802108,46132,
359842106,46259,
359882108,45452,
359922108,45709,
359962106,45364,
360002108,45485,
360042106,45764,
360082108,44916,
360122106,45149,
360162106,45300,
360202106,45325,
360242107,45404,
360282108,45404,
360322107,45597,
996096859,48657,
360362108,45764,
360442107,45620,
360482106,45284,
360522106,46053,
360562106,45396,
360602106,46324,
360642106,45468,
360682108,47004,
360722106,45572,
360762108,45477,
360802108,45077,
360842107,45197,
360882106,45869,
360922106,44653,
360962108,46221,
361002108,45933,
361042106,45221,
361082106,45333,
361122106,45717,
361162106,45877,
361202106,46405,
361242106,45645,
361282106,46053,
361322108,45229,
361362108,45653,
361402106,45597,
361442107,45373,
361482108,45533,
361522106,45341,
361562106,44702,
361602106,46717,
361642108,46717,
361682106,45589,
361722106,45941,
361762108,45677,
361802108,45493,
361842108,45677,
361882106,45325,
361922106,45893,
361962106,45173,
362002106,45909,
362042108,46029,
362082108,46229,
362122107,44966,
362162108,46757,
362202106,45229,
362242106,45213,
362282106,44870,
362322107,45397,
362362106,45590,
362442108,46013,
362482108,45870,
362522106,46341,
362562106,45237,
362602107,45725,
362642106,45517,
362682106,46229,
362722106,45278,
362762108,44766,
362802106,46309,
362842108,44662,
362882107,45229,
362922106,46053,
362962106,44998,
363002106,44901,
363042107,44854,
363082106,45989,
363122106,45173,
363162107,45054,
363202108,46125,
363242107,45110,
363282108,46429,
363322108,45973,
363362108,45805,
363402106,44182,
363442108,46469,
363482107,45381,
363522106,44877,
363562106,44933,
363602107,45173,
363642108,46213,
363682108,46037,
363722106,44837,
363762108,45381,
363802108,45997,
363842108,45181,
363882107,45277,
363922106,46389,
363962108,44933,
364002108,44933,
364042106,45733,
364082108,45613,
364122106,45412,
364162108,45892,
364202106,45557,
364242106,44814,
364282106,45317,
364322106,45061,
364362106,45269,
364402107,45348,
364442107,45269,
1782987620,48657,
364522106,45572,
364562107,45876,
364602106,45820,
364642108,45468,
364682108,45157,
364722107,45197,
364762106,46524,
364802108,45852,
364842106,46076,
364882108,45684,
364922108,45165,
364962108,46076,
365002108,44589,
1515870810,23130,
365122106,45692,
365162106,45077,
365202108,45804,
365242106,45468,
365282106,45196,
365322108,45532,
365362108,46172,
365402108,45084,
365442108,45212,
365482106,45500,
365522106,46307,
365562106,45684,
365602107,46172,
365642106,45748,
365682106,45452,
365722108,45420,
365762106,45093,
365802106,45988,
365842106,46036,
365882108,44916,
365922107,45660,
365962108,44652,
366002108,44517,
366042106,45997,
366082108,45364,
366122108,45053,
366162106,45844,
366202106,45500,
366242108,45220,
366282106,45556,
366322108,46220,
366362106,46220,
366402106,44708,
366442108,45308,
366482106,45588,
366522106,45620,
366562106,45852,
366602106,46243,
366642106,46028,
366682106,45948,
366722106,44932,
366762106,45987,
366802107,45292,
366842106,46379,
366882106,45436,
366922106,46147,
366962106,45356,
367002107,45316,
367042106,46020,
367082106,45619,
367122108,46139,
367162108,45563,
367202106,45164,
367242108,46307,
367282106,45115,
367322106,45395,
367362106,45444,
367402106,44620,
367442108,45859,
367482107,45148,
367522108,44739,
367562108,45771,
367602108,46042,
367642106,46427,
367682106,46770,
367722108,44707,
367762106,46555,
367802106,45827,
367842108,45523,
367882108,45444,
367922106,45612,
367962106,46322,
368002106,45491,
368042106,45747,
368082106,45706,
368122108,46371,
368162108,45603,
368202108,45715,
368242108,46163,
368282108,46147,
368322108,44828,
368362106,46419,
368402106,45187,
368442106,45531,
368482106,45739,
654589478,48660,
368522108,45603,
368602108,46002,
368642108,46915,
368682108,45315,
368722106,45915,
368762106,45915,
368802106,45619,
368842106,45267,
368882108,44651,
368922106,45363,
368962106,45883,
369002108,45515,
369042108,45035,
369082108,46266,
369122108,45787,
369162108,45874,
369202106,45946,
369242107,45403,
369282106,46674,
369322106,46179,
369362108,46147,
369402106,45067,
369442108,44851,
369482108,46139,
369522106,45235,
369562108,45195,
369602106,45666,
369642107,47019,
369682106,45675,
369722108,44348,
369762106,45547,
369802106,45571,
369842106,45874,
369882106,45731,
369922106,45315,
369962107,46137,
370002106,45195,
370042106,45634,
370082108,45267,
370122106,45986,
370162106,46081,
370202108,45388,
370242107,45563,
370282106,45930,
370322107,46434,
370362108,45843,
370402107,45635,
370442106,45403,
370482106,45466,
370522108,44523,
370562106,45571,
370602107,45619,
370642106,45819,
370682108,45467,
370722108,45067,
370762107,45155,
370802106,45931,
370842108,45500,
370882106,45771,
370922108,45227,
370962106,45612,
371002108,45668,
371042106,45571,
371082106,44716,
371122106,44716,
371162106,46435,
371202106,45108,
371242106,44588,
371282106,46339,
371322108,45780,
371362107,45411,
371402108,45892,
371442106,45811,
371482107,46123,
371522108,45899,
371562106,45260,
371602107,44708,
371642106,45363,
371682106,45363,
371722107,47123,
371762108,45987,
371802106,46123,
371842106,44796,
371882106,46155,
371922108,45597,
371962106,44941,
372002106,45908,
372042108,44941,
372082106,44381,
372122107,45716,
372162106,45244,
372202108,44732,
372242106,45804,
372282106,46595,
372322108,45139,
372362106,45628,
372402106,45692,
372442108,45395,
372482106,45195,
372522108,45987,
372562106,45619,
372602106,45636,
4150148611,48766,
372682108,45980,
372722108,44868,
372762108,45156,
372842107,45772,
372882108,44851,
372922108,45668,
372962106,45923,
373002106,45563,
373042108,45939,
373082108,45843,
373122106,46284,
373162108,46291,
373242106,45099,
373282106,45827,
373322107,45290,
373362106,44850,
373402108,45035,
373442108,45283,
373482108,45874,
373522108,45539,
373562106,45539,
373602106,45139,
373642106,45699,
373682107,45377,
373722106,46434,
373762106,45155,
373802107,46353,
373842107,45466,
373882106,46539,
373922108,45442,
373962106,45433,
374002106,45369,
374042107,45858,
374082106,45314,
374122106,45881,
374162107,45202,
374202106,45682,
374242108,45531,
374282106,46497,
374322108,45385,
374362106,46481,
374402106,45867,
374482106,45643,
374522108,44898,
374562107,44969,
374602106,45593,
374642108,45570,
374682108,44745,
374722106,44889,
374762106,45489,
374802106,44898,
374842108,45626,
374882106,45985,
374922106,45850,
374962108,44842,
375002107,45329,
375042108,46026,
375082106,46217,
375122106,45970,
375162106,45713,
375202107,45168,
375242108,45354,
375282106,45769,
375322106,45985,
375362106,46074,
375402106,45410,
375442107,45890,
375482108,44929,
375522108,45705,
375562108,45146,
375602108,45290,
375642108,45713,
375682108,45840,
375722108,45657,
375762108,45417,
375802108,44898,
375842108,46081,
375882108,44369,
375922108,44723,
375962108,44723,
376002108,46049,
376042107,46809,
376082106,46018,
376122108,45475,
376162106,45442,
376202106,45498,
376242107,45227,
376282108,45330,
376322106,45690,
376362108,45427,
376402108,45955,
376442106,45195,
376482108,45243,
376522107,46011,
376562106,44859,
376602108,45635,
376642106,46307,
376682106,44588,
633421001,15963,
376762108,45459,
376802106,45556,
376842106,45579,
376882107,45332,
376922106,44635,
376962106,45930,
377002106,44963,
377042106,45619,
377082108,45627,
377122107,45699,
377162107,45787,
377202108,45836,
377242108,45563,
377282108,44835,
377322106,45867,
377362108,45451,
377402106,45627,
377442108,45507,
377482106,45131,
377522106,45451,
377562106,45115,
377602108,46635,
377642106,45195,
377682106,45635,
377722106,45323,
377762108,46251,
377802106,46019,
377842106,45594,
377882106,45762,
377922106,45507,
377962108,44508,
378002106,45706,
378042108,45355,
378082108,45099,
378122106,45131,
378162106,44938,
378202108,45427,
378242106,44947,
378282106,45171,
378322106,45171,
378362106,45890,
378402106,44747,
378442108,45330,
378482108,45587,
378522108,46371,
378562106,45139,
378602106,45267,
378642108,45395,
378682108,46137,
378722108,45899,
378762106,45722,
378802106,45097,
378842108,44882,
378882106,45074,
378922106,45153,
378962107,44579,
379002106,45234,
379042108,45258,
379082106,45385,
379122106,45392,
379162107,45657,
379202106,45419,
379242108,45817,
379282108,45906,
379322108,45369,
379362106,44562,
379402106,45161,
379442106,44562,
379482106,45682,
379522108,45448,
379562108,45633,
379602106,45265,
379642108,46201,
379682108,46321,
379722108,45962,
379762108,45336,
379802108,45840,
379842108,45914,
379882106,45697,
379922108,45481,
379962108,45433,
380002106,44777,
380042106,45962,
380082106,45657,
380122106,45593,
380162106,44705,
380202106,45873,
380242106,46185,
380282108,45497,
380322108,45921,
380362106,45433,
380402106,45321,
380442106,45722,
380482106,45705,
380522106,45802,
380562108,45817,
380602108,44906,
380642106,44929,
380682106,45962,
380722106,45962,
380762106,45626,
4063248089,48901,
380842108,45560,
380882107,44345,
380922106,45105,
380962106,45857,
381002108,46153,
381042106,45641,
381082106,44489,
381122106,46113,
381162108,45993,
381202108,45209,
381242108,45265,
381282107,45657,
381322108,46281,
381362108,46201,
381402108,45689,
381442106,46184,
381482108,44857,
381522107,45689,
381562106,44969,
381602107,44977,
381642108,45568,
381682106,45256,
381722106,46000,
381762107,46792,
381802108,45977,
381842106,46033,
381882108,45800,
381922108,45344,
381962106,45256,
382002107,45529,
382042108,45697,
382082108,45977,
382122107,45089,
382162108,46072,
382202108,44025,
382242108,45209,
382282106,44921,
382322108,45736,
382362108,46056,
382402106,45297,
382442106,45240,
382482106,44784,
382522107,44977,
382562108,46089,
382602108,46128,
382642108,46000,
382682108,44753,
382722106,46425,
382762106,45368,
382802108,45392,
382842108,45241,
382882108,45536,
382922107,45480,
382962106,45545,
383002108,45137,
383042106,46112,
383082107,44969,
383122106,44969,
383162108,44736,
383202108,46120,
383242106,45728,
383282108,46216,
383322106,45855,
383362108,46168,
383402106,46313,
383442107,45848,
383482106,45840,
383522106,46264,
383562107,45592,
383602108,45088,
383642108,45296,
383682106,44592,
383722106,45376,
383762106,46191,
383802106,46200,
383842108,45744,
383882108,45584,
383922106,44416,
383962108,45784,
384002107,45680,
384042106,45704,
384082106,45368,
384122107,45585,
384162108,45096,
384202108,45040,
384242106,45496,
384282106,45472,
384322106,45264,
384362106,45232,
384402108,46144,
384442108,45784,
384482108,44912,
384522106,46287,
384562107,45207,
384602106,44912,
384642108,46480,
384682108,45248,
384722108,46103,
384762106,45847,
384802106,45575,
3391044777,48897,
384842106,46215,
384922106,45704,
384962108,45687,
385002108,45168,
385042108,45431,
385082106,46144,
385122107,44856,
385162106,45767,
385202106,45647,
385242106,45463,
385282106,45686,
385322106,46215,
385362106,45391,
385402106,45487,
385442108,45351,
385482108,44527,
385522108,44527,
385562106,44887,
385602106,46423,
385642108,46047,
385682108,45455,
385722106,45391,
385762107,45039,
385802106,45199,
385842106,46951,
385882106,45055,
385922106,44975,
385962108,45807,
386002106,45887,
386042108,45591,
386082106,45126,
386122106,45495,
386162107,45710,
386202108,45070,
386242108,44967,
386282106,45359,
386322106,44918,
386362108,45559,
386402106,46143,
386442106,45783,
386482106,45766,
386522106,46223,
386562107,45887,
386602108,45887,
386642106,46783,
386682106,45999,
386722107,45175,
386762106,45814,
386802107,45567,
386842107,46015,
386882106,44918,
386922108,44758,
386962106,46078,
387002106,45766,
387042108,45399,
387082107,45502,
387122107,44942,
387162106,45103,
387202108,45975,
387242106,45422,
387282107,44270,
387322107,45287,
387362108,45725,
387402108,45366,
387442108,45381,
387482107,45614,
387522108,45758,
387562106,45446,
387602106,44671,
387642107,45222,
387682106,45469,
387722106,45007,
387762106,46285,
387802106,46133,
387842106,45493,
387882108,45493,
387922108,45973,
387962106,45222,
388002106,45013,
388042106,44869,
388082108,46453,
388122107,45702,
388162108,45917,
388202108,44573,
388242106,45693,
388282106,45717,
388322106,45821,
388362108,45253,
388402106,45597,
388442106,45677,
388482107,45733,
388522108,44597,
388562108,44533,
388602106,45996,
388642108,46581,
388682106,45765,
388722108,46149,
388762106,45173,
388802106,46261,
388842108,45397,
388882106,45693,
346373283,48898,
388922108,45301,
389002108,45221,
389042106,46021,
389082106,46133,
389122108,45077,
389162108,45501,
389202106,45469,
389242106,45837,
389282108,46973,
389322106,45308,
389362108,45436,
389402106,45301,
389442106,45341,
389482106,45148,
389522106,45044,
389562106,44845,
389602106,45772,
389642106,46500,
389722108,46003,
389762106,45596,
389802106,46189,
389842106,45061,
389882108,45349,
389922106,45669,
389962106,46021,
390042106,46133,
390082106,45245,
390122108,45957,
390162108,45573,
390202106,46173,
390242108,45501,
390282106,45501,
390322106,45828,
390362106,44885,
390402106,44700,
390442106,44829,
390482106,45373,
390522108,45125,
390562106,45324,
390602106,45797,
390642106,45517,
390682108,45741,
390722106,44629,
390762108,45445,
390802106,44701,
390842108,45117,
390882108,44725,
390922108,45445,
390962106,45685,
391002106,44629,
391042106,45436,
391082106,44853,
391122106,45637,
391162106,45053,
391202106,44637,
391242108,45492,
391282108,45837,
391322107,45652,
391362108,45221,
391402106,45868,
391442106,44573,
391482106,45309,
391522108,44133,
391562106,45845,
391602106,45021,
391642108,45324,
391682106,45189,
391722108,44581,
391762106,44797,
391802108,46509,
391842106,44509,
391882106,45436,
391922106,44789,
391962106,45341,
392002108,44820,
392042106,45940,
392082106,46500,
392122108,44389,
392162108,44932,
392202106,44652,
392242106,45107,
392282106,45596,
392322108,45812,
392362108,44557,
392402108,46316,
392442106,46461,
392482108,45812,
392522106,44941,
392562106,44901,
392602108,45756,
392642108,46028,
392682108,46028,
392722108,45005,
392762108,45084,
392802108,45244,
392842108,45908,
392882108,45828,
392922108,44820,
3461561929,48784,
393002107,45412,
393082108,45636,
393122106,45068,
393162106,45324,
393202108,44916,
393242108,45772,
393282106,45364,
393322107,45460,
393362106,45451,
393402106,45516,
393442106,45219,
393482106,45804,
393522108,45675,
393562108,45427,
393602106,44548,
393642108,44484,
393682108,44715,
393722106,45259,
393762108,45451,
393802106,44971,
393842106,44723,
393882106,44275,
393922106,44588,
393962106,44620,
394002108,45251,
394042106,45259,
394082106,45115,
394122108,46084,
394162108,45628,
394202108,45117,
394242106,45324,
394282107,45908,
394322106,45707,
394362106,44979,
394402106,46020,
394442108,45171,
394482108,45772,
394522108,45675,
394562108,45203,
394602108,44883,
394642106,45051,
394682106,45371,
394722107,44947,
394762108,45003,
394802106,45371,
394842106,44356,
394882106,44451,
394922108,45068,
394962106,45483,
395002108,45275,
395042106,45675,
395082106,45675,
395122108,44835,
395162108,44971,
395202106,45579,
395242106,45380,
395282106,45043,
395322106,44939,
395362106,44788,
395402106,44835,
395442108,45659,
395482106,45155,
395522108,44891,
395562108,45123,
395602108,45947,
395642106,45691,
395682106,45411,
395722108,45347,
395762106,45075,
395802106,45251,
395842108,45035,
395882108,45475,
395922106,44963,
395962106,44356,
396002108,45211,
396042106,45403,
396082106,45467,
396122106,46075,
396162106,45035,
396202108,46219,
396242106,44835,
396282107,45195,
396322106,45451,
396362108,45259,
396402106,45811,
396442106,45947,
396482107,45466,
396522106,46571,
396602106,45619,
396642106,46275,
396682108,45843,
396722108,46387,
396762106,45178,
396802106,44898,
396842106,45227,
396882106,45690,
396922108,45787,
396962106,44626,
397002108,45379,
397042106,44674,
397082106,45315,
397122107,45242,
1385184998,48887,
397202106,44939,
397242106,45219,
397282106,44585,
397322108,45466,
397362108,44995,
397402106,45555,
397442108,45443,
397482106,45443,
397522107,44987,
397562108,46034,
397602108,44763,
397642108,45595,
397682106,44842,
397722108,45337,
397762108,45074,
397802108,45435,
397842108,44435,
397882108,45491,
397922107,46459,
397962108,45570,
398002108,44931,
398042108,45578,
398082108,44947,
398122106,45331,
398162106,45667,
398202106,45667,
398242106,44850,
398282108,45651,
398322108,45130,
398362108,44779,
398402108,44627,
398442106,45603,
398482106,45443,
398522106,44987,
398562106,45371,
398602106,45763,
398642106,45403,
398682108,44819,
398722108,45491,
398762108,46227,
398802106,45107,
398842106,45259,
398882106,45563,
398922106,45075,
398962108,45251,
399002106,46051,
399042107,45563,
399082106,45803,
399122108,45483,
399162108,45795,
399202108,46507,
399242108,45555,
399282106,45299,
399322106,45915,
399362106,45068,
399402106,45195,
399442108,44964,
399482108,45955,
399522106,45628,
399562108,45555,
399602106,46403,
399642108,45012,
399682108,44596,
399722108,44756,
399762106,45203,
399802108,45899,
399842108,45899,
399882108,45635,
399922106,45611,
399962107,45531,
400002108,46139,
400042108,46027,
400082106,45811,
400122106,45363,
400162106,45299,
400202106,44875,
400242106,45507,
400282106,45131,
400322108,45107,
400362108,45347,
400402106,45843,
400442108,45458,
400482108,45419,
400522106,46059,
400562106,45139,
400602106,46395,
400642107,44811,
400682107,45746,
400722106,46035,
400762108,45331,
400802106,44906,
400842106,44827,
400882106,45634,
400922106,45003,
400962108,46011,
401002108,44947,
401042106,45587,
401082106,45099,
401122106,46067,
401162108,45451,
401202106,44587,
2605858562,48859,
401242108,45795,
401322108,45595,
401362106,45083,
401402106,45667,
401442106,46387,
401482106,44611,
401522108,45403,
401562106,45843,
401602106,46203,
401642106,45459,
401682106,44411,
401722106,44595,
401762106,45603,
401802108,46003,
401842107,46259,
401882106,45451,
401922108,45331,
401962106,45178,
402002108,45298,
402042108,44219,
402082106,45315,
402122108,45242,
402162106,45459,
402202108,45699,
402242108,45699,
402282108,45130,
402322106,45563,
402362108,45354,
402402108,45779,
402442108,45242,
402482106,45507,
402522108,45537,
402562106,45099,
402602106,45251,
402642108,45402,
402682106,45290,
402722106,45443,
402762108,44691,
402802106,45130,
402842108,45419,
402882106,45659,
402922108,46209,
402962106,45115,
403042106,46171,
403082106,45507,
403122108,45163,
403162106,46011,
403202108,46003,
403242106,45155,
403282106,46187,
403322108,45403,
403362107,45835,
403402108,45619,
403442108,45043,
403482106,45739,
403522106,45747,
403562108,44707,
403602106,45155,
403642108,46067,
403682108,45507,
403722108,45355,
403762108,45931,
403802106,45747,
403842106,46211,
403882107,45315,
403922106,46019,
403962108,45539,
404002108,45147,
404042108,45619,
404082108,44979,
404122108,45634,
404162106,45923,
404202108,45290,
404242107,45514,
404282108,45402,
404322108,44865,
404362108,44394,
404402108,45985,
404442108,45122,
404482106,45178,
404522108,44962,
404562108,45721,
404602106,45337,
404642107,45337,
404682107,45873,
404722106,45866,
404762106,45505,
404802106,45393,
404842106,45745,
404882106,44746,
404922106,45225,
404962106,45010,
405002107,45521,
405042106,44651,
405082108,45745,
405122106,45673,
405162106,46225,
405202108,45353,
405242106,44491,
405282106,45521,
405322106,44842,
405362108,45385,
405402106,45642,
2276605348,48996,
405482108,45313,
405522106,46169,
405562106,45939,
405602107,46457,
405682106,45281,
405722107,45051,
405762108,45410,
405802108,45257,
405842108,45738,
405882107,45369,
405922106,45201,
405962108,45329,
406002106,45449,
406042108,46233,
406082108,45225,
406122108,46153,
406162108,45313,
406202106,45138,
406242106,46233,
406282108,45178,
406322106,45033,
406362108,46051,
406402108,45018,
406442106,45491,
406482108,45897,
406522106,45217,
406562108,45682,
406602108,45561,
406642108,45827,
406682107,45418,
406722108,45649,
406762107,45099,
406802108,44889,
406842108,44618,
406882108,46146,
406922108,45089,
406962106,44522,
407002106,44522,
407042106,45729,
407082106,44977,
407122106,44993,
407162106,45850,
407202108,45145,
407242106,45505,
407282106,44809,
407322106,46057,
407362106,44753,
407402108,45570,
407442107,45234,
407482108,45481,
407522106,45458,
407562106,45441,
407602108,45354,
407642106,45313,
407682106,45897,
407722106,46354,
407762108,45713,
407802108,45978,
407842106,45225,
407882106,45537,
407922106,45379,
407962108,45402,
408002108,45729,
408042106,45130,
408082106,44618,
408122108,45219,
408162106,45481,
408202106,45889,
408242107,45723,
408282106,45371,
408322106,45891,
408362106,45827,
408402107,45435,
408442106,45475,
408482106,45291,
408522106,45051,
408562108,45139,
408602106,46595,
408642108,45066,
408682108,45435,
408722106,45466,
408762108,45194,
408802108,44411,
408842107,46130,
408882108,45705,
408922106,45715,
408962108,45929,
409042106,45617,
409082106,45705,
409122106,45634,
409162108,45673,
409202108,44539,
409242106,45555,
409282106,46186,
409322106,45643,
409362106,46082,
409402106,46082,
409442107,46163,
409482106,45841,
409522108,44987,
220151185,48973,
409562107,45283,
409642107,45603,
409682106,45539,
409722106,46395,
409762108,44819,
409802107,45883,
409842108,46003,
409882108,45147,
409922108,45124,
409962108,45651,
410002108,45772,
410042106,45012,
410082106,45779,
410122108,45236,
410162108,45460,
410202108,45787,
410242108,44932,
410282106,45723,
410322106,45019,
410362106,46099,
410402108,45867,
410442106,45835,
410482106,45179,
410522107,45411,
410562108,45459,
410602106,45459,
410642108,45435,
410722108,45067,
410762106,45403,
410802108,45531,
410842106,45787,
410882107,45827,
410922108,46026,
410962106,46091,
411002106,45027,
411042108,45843,
411082108,46179,
411122106,45571,
411162107,45803,
411202108,45395,
411242106,45043,
411282106,45675,
411322108,45371,
411362106,45331,
411402108,45555,
411442106,46203,
411482107,45985,
411522108,45483,
411562108,46283,
411602106,45787,
411642106,44753,
411682108,45275,
411722106,45970,
411762106,45186,
411802106,45186,
411842108,46219,
411882108,45593,
411922107,45499,
412002106,46538,
412042108,46233,
412082106,45649,
412122108,45633,
412162108,45362,
412202108,45435,
412242106,45313,
412282108,45642,
412322108,44562,
412362107,45289,
412402107,44898,
412442108,45138,
412482108,46482,
412522106,45209,
412562108,45906,
412602106,46401,
412642108,45489,
412682106,44234,
412722108,46305,
412762108,45777,
412802107,45273,
412842108,45937,
412882108,45401,
412922108,46129,
412962106,44905,
413002106,46545,
413042108,45105,
413082106,45065,
413122106,45929,
413162106,45089,
413242106,45601,
413282108,46192,
413322106,45041,
413362106,45769,
413402106,46329,
413442108,44849,
413482108,45696,
413522106,46480,
413562108,45393,
413602106,45953,
413642107,45680,
413682106,46209,
719863008,48953,
413762108,45873,
413802107,45105,
413842108,45152,
413882106,44960,
413922106,45544,
413962108,45712,
414002106,45121,
414042108,46169,
414082108,46376,
414122106,45360,
414162106,45297,
414202107,45297,
414242107,45240,
414282108,45497,
414322106,45176,
414362107,44865,
414402106,45680,
414442106,45105,
414482108,45721,
414522108,45736,
414562108,45808,
414602107,46408,
414642106,46576,
414682106,44856,
414722108,45296,
414762106,44552,
414802108,45544,
414842106,46016,
414882106,45880,
414922106,45481,
414962106,45760,
415002106,45104,
415082106,45560,
415122108,45464,
415162106,44432,
415202108,45248,
415282106,45264,
415322108,45576,
415362106,45688,
415402108,46097,
415442107,44945,
415482106,44848,
415522108,44984,
415562108,45880,
415602108,45281,
415642106,44665,
415682108,45049,
415722108,45553,
415802108,45177,
415842108,45833,
415882106,45432,
415922106,46281,
415962108,45800,
416002108,45264,
416042106,45841,
416082108,45369,
416122108,45553,
416162106,45201,
416202106,46153,
416242108,46057,
416282108,45754,
416322108,45721,
416362106,44961,
416402108,45481,
416442106,45569,
416482106,44800,
416522108,45313,
416562108,45313,
416602106,45497,
416642108,45993,
416682106,45961,
416722108,45513,
416762106,45521,
416802106,44056,
416842106,44729,
416882108,45545,
416922108,45705,
416962106,45897,
417002106,46153,
417042106,45640,
417082108,46017,
417122108,45240,
417162108,46185,
417202108,46153,
417242106,44953,
417282108,44793,
417322106,45329,
417362106,45497,
417402106,45545,
417442107,46217,
417482106,45881,
417522108,45257,
417602108,45225,
417642108,46025,
417682108,45657,
417722108,45416,
417762106,45913,
1158233305,48953,
417802108,45241,
417882106,45577,
417922108,45530,
417962106,45617,
418002106,45625,
418042108,45329,
418082106,45642,
418122106,45257,
418162108,45377,
418202108,45009,
418242108,45401,
418282108,45937,
418322108,45425,
418362106,45737,
418402106,45497,
418442108,46001,
418482108,46193,
418522106,45553,
418562106,45145,
418602108,45385,
418642108,45281,
418682106,46897,
418722106,45385,
418762106,45553,
418802108,45441,
418842106,45793,
418882107,46001,
418922108,46385,
418962106,46385,
419002108,45545,
419042106,45649,
419082106,45761,
419122108,44849,
419162108,45369,
419202106,45089,
419242107,46273,
419282108,45257,
419322108,45225,
419362106,45217,
419402106,44793,
419442108,45640,
419482106,46273,
419522106,44993,
419562106,45001,
419602107,45080,
419642106,45968,
419682106,46321,
419722108,45425,
419762106,45936,
419802106,44841,
419842108,46480,
419882108,45553,
419922107,45472,
419962106,46057,
420002108,46153,
420042106,45617,
420082108,44881,
420122106,45441,
420162108,45456,
420202106,45432,
420242106,45376,
420282106,45040,
420322108,45688,
420362107,45176,
420402106,45536,
420442106,44928,
420482108,45536,
420522106,44928,
420562106,45968,
420602106,45816,
420642107,45368,
420682106,44865,
420722106,47080,
420762106,45576,
420802108,45232,
420842108,45889,
420882107,46360,
420922108,45665,
420962108,46256,
421002108,45696,
421042107,45912,
421082108,46096,
421122108,45520,
421162106,46169,
421202106,45872,
421242108,45408,
421282107,46096,
421322108,46096,
421362107,46281,
421402108,45105,
421442106,44840,
421482106,45096,
421522106,45344,
421562108,45785,
421602107,45912,
421642108,45032,
421682106,46048,
421722106,45544,
421762107,46128,
421802107,45544,
421882108,45169,
1475624147,48953,
421922108,46272,
422002108,46496,
422042106,46001,
422082106,44784,
422122106,45497,
422162108,45833,
422202107,44792,
422242108,45144,
422282108,46088,
422322106,44752,
422362106,45080,
422402108,45488,
422442106,46080,
422482107,45200,
422522106,45273,
422562107,44937,
422602106,45568,
422642108,45744,
422722106,46408,
422762108,46096,
422802107,45152,
422842108,45352,
422882106,44912,
422922108,45289,
422962108,44800,
423002108,45208,
423042108,45696,
423082106,45001,
423122106,45656,
423162108,45680,
423202106,45841,
423242108,45688,
423282107,45368,
423322106,45320,
423362106,46040,
423402106,45600,
423442107,44696,
423482108,45064,
423522106,45136,
423562108,44800,
423602106,45968,
423642108,45456,
423682106,45456,
423722106,45192,
423762107,45928,
423802106,45632,
423842106,44872,
423882108,46656,
423922108,45904,
423962108,45312,
424002107,45424,
424042108,45704,
424082106,45392,
424122107,45624,
424162108,45504,
424202108,44992,
424242108,45504,
424282106,45480,
424322108,46287,
424362108,45655,
424402106,45664,
424442106,45847,
424482108,45384,
424522108,45440,
424562108,45319,
424602106,45959,
424642108,45463,
424682108,46015,
424722106,46047,
424762106,44503,
424802106,45080,
424842108,45104,
424882106,45599,
424922106,44423,
424962108,45528,
425002107,45743,
425042108,45279,
425082107,45160,
425122106,45231,
425202106,46079,
425242108,45167,
425282106,45623,
425322108,45367,
425362106,45439,
425402106,45727,
425442108,46167,
425482106,46455,
425522106,44783,
425562106,44599,
425602107,44783,
425642106,46151,
425682108,45975,
425722108,45975,
425762106,45847,
425802108,45855,
425842106,46159,
425882108,45279,
425922106,45318,
425962106,45895,
426002108,45871,
1866349772,48953,
426042108,45871,
426122108,45631,
426162106,45479,
426202106,46311,
426242106,45143,
426282108,44159,
426322107,45527,
426362106,45255,
426402106,45318,
426442106,46159,
426482108,46879,
426522108,46351,
426562108,45430,
426642108,45351,
426682106,45159,
426722106,46079,
426762108,44959,
426802106,45967,
426842108,45855,
426882108,45815,
426922106,45023,
426962106,45295,
427002108,45287,
427042106,45599,
427082108,46383,
427122107,46095,
427162108,45015,
427202108,45103,
427242106,46111,
427282108,44607,
427322108,44679,
427362108,45038,
427402106,44982,
427442106,45279,
427482108,46551,
427522108,45959,
427562108,46079,
427602106,44870,
427642108,45206,
427682106,44543,
427722107,45351,
427762108,45119,
427802106,45318,
427842108,45295,
427882108,45965,
427922108,44935,
427962108,45111,
428002106,45503,
428042108,45695,
428082108,44733,
428122108,45094,
428162106,45295,
428202108,44719,
428242108,46311,
428282107,45190,
428322106,45815,
428362106,46143,
428402106,46143,
428442106,44990,
428482107,45839,
428522108,45727,
428562107,44574,
428602108,45399,
428642106,45615,
428682108,45382,
428722106,45933,
428762108,45863,
428802106,46437,
428842106,45797,
428882108,44501,
428962107,45573,
429002106,46021,
429042108,45629,
429082106,44397,
429122106,44750,
429162108,45581,
429202108,46077,
429242107,45415,
