444682106,45789,
444602106,45541,
444842106,45671,
444562106,45397,
444762106,45190,
444482108,45149,
444642108,45149,
444722107,44957,
444802108,45405,
444882106,45685,
444922108,45774,
444962108,45021,
445002106,45021,
445042108,45797,
445082106,45957,
445122106,46007,
445162106,45246,
445202108,45229,
445242107,45774,
445282108,46349,
445322106,45863,
445362106,45573,
445442108,45759,
445482107,44901,
445522106,46597,
445562108,46485,
445602106,45479,
445642106,45479,
445682107,44854,
445722106,45125,
445762106,45069,
445802108,45751,
445842106,45382,
445882108,44845,
445922108,45517,
445962108,44694,
446002108,45517,
446042108,45405,
446082107,46245,
446122108,45246,
446162106,44999,
446202106,44798,
446242108,45685,
446282108,45509,
446322107,45149,
446362107,45022,
446402106,45933,
446442107,44806,
446482108,45830,
446522108,45933,
446562108,46117,
446602108,46199,
3951869038,15590,
446682108,45621,
446722108,45741,
446762106,45164,
446802107,45527,
446882108,46045,
446922106,45413,
446962108,45357,
447002106,44469,
447042108,46197,
447082106,45164,
447122108,44909,
447162106,44604,
447202106,45229,
447242108,45581,
447282108,44781,
447322106,45189,
447362106,45332,
447402108,45332,
447442106,46029,
447482106,44397,
447522106,45268,
447562106,45861,
447602106,45612,
447642107,45653,
447682108,45436,
447722108,45700,
447762108,44901,
447842107,45517,
447882107,45405,
447922108,45293,
447962108,45748,
448002106,45237,
448042108,45604,
448082108,46485,
448122108,44421,
448162108,44876,
448202108,45700,
448242108,45212,
448282108,45308,
448322106,45460,
448362106,45044,
448402106,46421,
448442108,45100,
448482106,45580,
448522106,44884,
448562108,45700,
448602108,45372,
448642106,46500,
448682108,45741,
448722108,46373,
448762108,45716,
448802108,46052,
448842108,45012,
448882108,45700,
448922108,44492,
448962106,45861,
449002106,45436,
449042106,45644,
449082108,45988,
449122108,45348,
449162106,45620,
449202108,45012,
449242106,45156,
449282106,46028,
449322108,45436,
449362108,45572,
449402106,45660,
449442107,44596,
449482107,45268,
449522106,45420,
449562108,45068,
449602106,45909,
449642108,45236,
449682108,45700,
449722108,46108,
449762108,46108,
449802108,45412,
449842107,45844,
449882108,45508,
449922108,46045,
449962108,45861,
450002106,45013,
450042106,45981,
450082106,44852,
450122108,44740,
450162108,44876,
450202106,45612,
450242106,46245,
450282106,45612,
450362106,44981,
450402107,45452,
450442106,45653,
450482108,45909,
450522106,44173,
450562108,44876,
450602106,45285,
450642108,44837,
450682108,45981,
3184311191,15717,
450762106,46029,
450802106,45573,
450842106,45125,
450882106,45197,
450922108,45861,
451002108,45317,
451042106,44621,
451082106,45149,
451122106,45060,
451162108,44869,
451202108,45181,
451242108,44828,
451282108,45060,
451322108,45541,
451362108,46213,
451402107,44876,
451442108,45044,
451522108,45373,
451562106,44372,
451602106,45397,
451642106,45477,
451682106,45285,
451722106,44806,
451762108,46367,
451802108,44981,
451842106,45173,
451882106,44654,
451922106,44789,
451962108,46349,
452002106,44397,
452042106,45397,
452082106,44772,
452122106,44772,
452162106,45261,
452202106,45005,
452242106,44725,
452282106,45046,
452322108,45197,
452362108,45164,
452402106,45245,
452442107,45373,
452482106,45133,
452522106,46317,
452562106,45724,
452602108,45861,
452642106,45845,
452682106,45709,
452722108,44861,
452762107,44598,
452802106,45830,
452842107,46479,
452882106,45302,
452922106,45223,
452962107,44870,
453002107,44486,
453042108,45479,
453082106,45695,
453122108,44727,
453162108,44990,
453202108,45270,
453242106,45527,
453282108,45998,
453322106,45503,
453362106,44495,
453402108,46021,
453442106,44781,
453482106,45069,
453522108,46061,
453562106,45765,
453602106,45685,
453642106,45668,
453682106,45357,
453722108,45517,
453762108,45677,
453802108,45637,
453842108,45085,
453882108,45940,
453922106,45861,
453962106,45293,
454002108,44949,
454042106,45693,
454082106,45276,
454122108,44716,
454162108,45677,
454202106,45780,
454242108,45564,
454322106,44685,
454362106,46109,
454402108,45741,
454442108,45645,
454482106,45645,
454522108,45037,
454562106,44163,
454602106,44316,
454642106,45429,
454682107,45845,
454722106,45380,
1223605131,15818,
454802106,45909,
454842106,45077,
454882108,46348,
454922106,45700,
454962106,45517,
455002106,45461,
455042106,44957,
455082106,45380,
455122106,45541,
455162106,45172,
455202106,45220,
455242106,45948,
455282106,45388,
455322106,45332,
455362106,45228,
455402108,45340,
455482106,45877,
455522106,45004,
455562108,46404,
455602106,45989,
455642106,45028,
455682106,44757,
455722106,45356,
455762106,45676,
455802108,45476,
455842106,46124,
455882106,45869,
455922107,44780,
455962106,45548,
456002108,45780,
456042108,46645,
456082106,45844,
456122108,46108,
456202108,46124,
456242106,44796,
456282108,45765,
456322108,45069,
456362106,45396,
456402108,45597,
456442106,45364,
456482106,46205,
456522106,45989,
456562106,45724,
456602106,45212,
456642108,46116,
456682108,45364,
456722106,45604,
456762108,45205,
456802108,45300,
456842108,45300,
456882108,45668,
456922108,45412,
456962108,45564,
457002108,45164,
457042106,45188,
457082108,45405,
457122106,45212,
457162106,44996,
457202107,45981,
457242106,45388,
457282106,44940,
457322108,44604,
457362106,44916,
457402108,45044,
457442108,45788,
457482108,44468,
457522107,45508,
457562107,45228,
457602107,45660,
457682108,45805,
457722106,46228,
457762106,45580,
457802106,46029,
457882107,46348,
457922106,45652,
457962106,46508,
458002108,44668,
458042108,45212,
458082106,44836,
458122106,45892,
458162108,46101,
458202107,45973,
458242106,45228,
458282106,45284,
458322107,45700,
458362106,45989,
458402108,45853,
458442108,46165,
458482106,45052,
458522108,45237,
458562108,46229,
458602106,45125,
458642108,45125,
458682106,44876,
458722108,46045,
458762106,44294,
3152002592,48576,
458842106,45276,
458882107,46381,
458922106,45821,
458962108,45821,
459002106,45830,
459042106,46054,
459082108,45517,
459122108,45567,
459162106,44966,
459202106,44966,
459242108,45718,
459282108,45405,
459322106,45422,
459362106,45175,
459402108,44982,
459442106,45815,
459482106,44511,
459522106,45647,
459562107,44847,
459602106,45142,
459642106,45231,
459682108,45791,
459722106,45303,
459762106,45631,
459802108,45687,
459842108,44719,
459882108,45895,
459922107,45535,
460002107,45080,
460042106,46023,
460082106,46135,
460122106,45703,
460162108,45080,
460202107,45888,
460242107,45056,
460282106,45799,
460322106,45728,
460362108,45599,
460402108,45487,
460442106,45104,
460482106,45928,
460522108,45712,
460562106,45343,
460602106,45504,
460642108,45272,
460682106,46288,
460722106,45656,
460762108,45416,
460802108,46760,
460842106,45544,
460882106,46272,
460922108,45176,
460962108,45456,
461002108,45152,
461042108,45928,
461082106,44264,
461122106,45904,
461162108,44672,
461202106,45385,
461242108,45744,
461282108,45560,
461322106,45232,
461362108,44896,
461402106,45784,
461442106,45752,
461482108,45392,
461522108,44584,
461562108,45040,
461602107,45040,
461642106,46256,
461682107,45631,
461722108,45896,
461762108,45280,
461802106,46168,
461842108,45064,
461882108,45552,
461922107,45151,
461962108,44871,
462002107,46631,
462042106,45039,
462082108,46199,
462122108,44768,
462202106,46039,
462242108,46183,
462282106,45695,
462322108,45535,
462362108,45199,
462402107,45535,
462442108,45639,
462482108,44631,
462522107,45639,
462562107,45679,
462602108,46023,
462642108,45559,
462682106,45583,
462722108,45127,
462762106,45575,
2135342902,48947,
462802106,45542,
462882106,45047,
462922106,44679,
462962106,45343,
463002106,45967,
463042108,46183,
463082106,45743,
463122107,45038,
463162108,45503,
463202108,45310,
463242106,45407,
463282108,45583,
463322108,45103,
463362108,45591,
463402106,45335,
463442108,45567,
463482106,45183,
463522106,46063,
463562106,45589,
463602106,44814,
463642106,45615,
463682106,45391,
463722108,45455,
463762106,45535,
463842108,45735,
463882106,45551,
463922106,45215,
463962106,45215,
464002108,45295,
464042106,45119,
464082106,45094,
464122108,45511,
464162108,45599,
464202106,45639,
464242108,45615,
464282108,45567,
464322108,45351,
464362106,45503,
464402106,45135,
464442108,45007,
464482108,45023,
464522106,46191,
464562108,46231,
464602106,45559,
464642106,45383,
464682108,45871,
464762106,44719,
464802106,45327,
464842108,45023,
464882107,45815,
464922107,44999,
464962108,45575,
465002108,46295,
465042106,45031,
465082107,45223,
465122106,45039,
465162106,46183,
465202107,45192,
465242107,45399,
465282106,44720,
465322106,43471,
465362108,45608,
465402107,45336,
465442108,45528,
465482108,44992,
465522108,44903,
465562106,46015,
465602106,44663,
465642108,44800,
465682106,45639,
465722108,44479,
465762106,45127,
465802106,45255,
465842108,45207,
465882108,45311,
465922106,45791,
465962106,45888,
466002106,45983,
466042106,45295,
466082106,45823,
466122107,45759,
466162108,44023,
466202108,45486,
466242106,45055,
466282108,45183,
466322108,44727,
466362107,44727,
466402106,45206,
466442106,45239,
466482108,45150,
466522106,44767,
466562106,45271,
466602106,45623,
466642108,45310,
466682106,44070,
466722106,45430,
466762106,44943,
466802106,46135,
4215684809,16174,
466842108,44926,
466922106,45455,
466962106,44623,
467002107,45262,
467042108,45078,
467082106,44895,
467122108,44710,
467162108,46463,
467242108,45335,
467282106,45863,
467322106,45205,
467362106,45886,
467402106,45086,
467442106,45662,
467482106,45527,
467522106,46446,
467562106,44574,
467602106,44887,
467642106,45535,
467682107,46054,
467722107,45927,
467762108,45703,
467802108,45479,
467842107,45606,
467882106,45335,
467922106,46357,
467962106,45983,
468002107,45855,
468042108,46287,
468082106,44991,
468122106,45231,
468162108,45447,
468202106,45685,
468242106,44959,
468282108,44727,
468322107,45214,
468362108,45573,
468402108,44910,
468442106,44742,
468482106,45606,
468522107,45055,
468562108,44694,
468602108,45527,
468642106,44878,
468682108,45727,
468722108,45727,
468762107,45573,
468802107,43958,
468842106,44654,
468882108,45150,
468922108,44981,
468962106,45559,
469002106,45190,
469042108,44949,
469082106,45335,
469122106,45030,
469162108,45695,
469202106,44862,
469242108,44335,
469282106,44638,
469322108,45597,
469362108,45175,
469402106,45142,
469442108,44999,
469482107,44959,
469522108,46039,
469562108,44646,
469602108,45486,
469642107,44974,
469682106,45711,
469762107,45343,
469802108,45575,
469842106,45094,
469882108,45767,
469922106,44719,
469962108,44639,
470002106,45159,
470042106,46183,
470082106,44415,
470122106,45471,
470162106,45991,
470202106,45927,
470242106,45711,
470282106,46039,
470322108,45720,
470362106,45608,
470402107,45088,
470442106,45864,
470482106,45096,
470522106,46281,
470562106,44968,
470602108,45808,
470642106,46032,
470682108,45096,
470722106,45296,
470762108,43832,
470802107,44825,
470842106,44305,
2084224129,48411,
470882106,45576,
470962106,45537,
471002108,45481,
471042108,44489,
471082106,45153,
471122106,45153,
471162106,45481,
471202106,45425,
471242108,45617,
471282108,45569,
471322108,46209,
471362108,44785,
471402108,46017,
471442108,45673,
471482108,45705,
471522106,46648,
471562108,45360,
471602108,45449,
471642106,45248,
471682108,44929,
471722108,46329,
471762106,45904,
471802106,45416,
471842106,45953,
471882108,44761,
471922107,45169,
471962107,45632,
472002108,46065,
472042108,45561,
472082108,45808,
472122108,46385,
472162108,45113,
472202108,46233,
472242108,44945,
472282107,45121,
472322106,45306,
472362106,45033,
472402107,45289,
472442108,45881,
472482108,45681,
472522106,45481,
472562108,46200,
472602106,45849,
472682108,45905,
472722108,45057,
472762107,45248,
472802108,45953,
472842108,45121,
472882106,45080,
472922108,46049,
472962106,45465,
473002106,46424,
473042108,46881,
473082108,45281,
473122107,45273,
473162108,45866,
473202106,45329,
473242106,45233,
473282107,45545,
473322107,45009,
473362106,46057,
473402106,45929,
473442108,44825,
473482106,44825,
473522108,45017,
473562106,45489,
473602107,46193,
473642107,45841,
473682108,45250,
473722108,46281,
473762108,45681,
473802107,45785,
473842107,46065,
473882108,44777,
473922108,46105,
473962108,44961,
474002108,45545,
474082106,46129,
474122108,44953,
474162106,45777,
474202107,45153,
474242106,46209,
474282108,45561,
474322108,45609,
474362108,45769,
474402106,45441,
474442108,45601,
474482108,45920,
474522106,45737,
474562106,45481,
474602108,45713,
474642108,45217,
474682108,45481,
474722106,44496,
474762107,45649,
474802108,45584,
474842108,45080,
474882108,46200,
2484190336,48413,
474922106,46009,
475002108,45329,
475042107,45785,
475082108,45561,
475122108,45752,
475162108,44921,
475202108,45976,
475242108,44336,
475282108,45497,
475322106,45817,
475362106,45785,
475402108,46969,
475442106,45665,
475482108,45089,
475522108,45192,
475562106,46216,
475602108,44760,
475642106,45744,
475682108,44744,
475722106,46057,
475762107,46128,
475802108,45824,
475842108,45824,
475882108,45816,
475922107,45833,
475962108,45593,
476002107,44896,
476042108,45848,
476082106,46144,
476122108,46080,
476162108,46160,
476202108,45376,
476242108,45464,
476282108,45600,
476322107,46520,
476362106,45264,
476402106,45329,
476442106,45856,
476482108,46040,
476522106,45729,
476562108,45376,
476602108,46208,
476642108,45432,
476682108,46009,
476722106,45712,
476762107,45208,
476802108,45240,
476842108,45161,
476882106,45296,
476922106,45192,
476962108,45968,
477002106,45080,
477042108,45192,
477082108,45824,
477122108,45632,
477162108,45296,
477202107,44977,
477242108,46001,
477282107,45632,
477322106,45569,
477362106,46057,
477402106,45488,
477442106,45001,
477482108,45401,
477522108,45009,
477562108,45569,
477602106,46273,
477642107,45698,
477682108,45385,
477722108,46377,
477762106,45225,
477802106,45841,
477842107,45161,
477882106,45705,
477922106,45481,
477962108,45729,
478002108,45897,
478042108,45785,
478082108,45978,
478122108,45553,
478162108,45313,
478202108,45313,
478242108,45617,
478282106,45401,
478322108,45297,
478362106,44578,
478402108,45553,
478442106,46017,
478482108,46497,
478522108,45185,
478562108,45017,
478602106,46833,
478642106,45785,
478682108,45281,
478722108,44456,
478762108,46696,
478802108,46073,
478842108,45145,
478882108,45353,
478922107,45737,
478962108,46144,
1216527484,48416,
479042106,45297,
479082108,46385,
479122107,45024,
479162106,45785,
479202108,45953,
479242106,45961,
479282106,45689,
479322106,45113,
479362106,45065,
479442108,45681,
479482106,46073,
479522106,46192,
479562107,45472,
479602106,45713,
479642108,45584,
479682107,45673,
479722108,45001,
479762108,45304,
479802106,45304,
479842108,45520,
479882106,45345,
479922106,46113,
479962108,46233,
480002108,45929,
480042106,45696,
480082106,45049,
480122108,46416,
480162108,44592,
480202108,45920,
480242108,46152,
480282107,45105,
480362108,45800,
480402106,45088,
480442108,45848,
480482108,45792,
480522106,45360,
480562108,46128,
480602106,46128,
480682108,45816,
480722108,44776,
480762107,45992,
480802106,45952,
480842108,45632,
480882108,46256,
480922106,45721,
480962106,45120,
481002108,45785,
481042108,46024,
481082106,45961,
481122106,44736,
481162108,45497,
481202107,46009,
481242107,45049,
481282106,45449,
481322106,45905,
481362108,45449,
481402106,45497,
481442107,45617,
481482108,45833,
481522108,45387,
481562106,45570,
481602106,45259,
481642106,45715,
481682108,45074,
481722106,45410,
481762106,45275,
481802106,45522,
481842108,45787,
481882106,45955,
481922107,45571,
481962108,44459,
482002107,44659,
482042106,44867,
482082108,45324,
482122106,45628,
482162106,45563,
482202107,45451,
482242106,45100,
482282106,46316,
482322106,45427,
482362108,45700,
482402106,45555,
482442106,45940,
482482108,46036,
482522106,45419,
482562106,46580,
482602106,45524,
482642106,46043,
482682107,45236,
482722107,45451,
482762106,45852,
482802108,45772,
482842106,44732,
482882106,46164,
482922108,45692,
482962107,45124,
483002106,45124,
1938997011,15719,
483082106,46188,
483122106,45692,
483162108,44835,
483202106,45003,
483242106,46459,
483282106,46587,
483322106,45619,
483362106,46323,
483402106,44987,
483442108,46067,
483482106,44771,
483522108,45363,
483562106,45307,
483602106,44715,
483642108,45547,
483682106,45859,
483722106,45371,
483762107,45971,
483802106,44947,
483842106,45235,
483882106,44899,
483922106,45915,
483962106,45331,
484002108,44955,
484042107,45811,
484082108,45243,
484122106,46211,
484162108,45427,
484202106,45466,
484242108,45643,
484282106,46835,
484322106,45875,
484402106,45746,
484442108,46147,
484482108,45931,
484522106,45707,
484562108,45611,
484602108,46811,
484642108,44315,
484682106,45771,
484722106,45843,
484762106,46323,
484802106,45555,
484842107,44947,
484882108,45891,
484922108,45964,
484962106,45716,
485002106,45140,
485042106,45940,
485082108,45219,
485122108,45107,
485162106,46125,
485202108,46013,
485242108,45596,
485282106,45891,
485322106,45540,
485362106,45540,
485402106,45316,
485442108,44949,
485482108,45349,
485522106,45525,
485562108,45084,
485602106,45341,
485642106,45107,
485682106,44748,
485762106,46955,
485802108,45532,
485842106,46021,
485882108,45628,
485922108,45835,
485962106,45987,
486002106,45380,
486042108,45548,
486082106,45436,
486122108,45731,
486162108,45068,
486202106,45531,
486242106,45819,
486282108,45451,
486322106,45867,
486362108,45315,
486402106,45603,
486442108,46259,
486482108,44923,
486522106,45507,
486562106,45507,
486602106,44580,
486642106,45860,
486682106,44956,
486722106,45188,
486762106,45035,
486802108,45412,
486842106,45723,
486882106,45028,
486922106,45404,
486962106,44557,
487002106,45100,
487042106,43997,
3611147840,16110,
487122108,45684,
487162108,45908,
487202108,44868,
487242108,45268,
487282108,45908,
487322106,44396,
487362108,45563,
487402108,45675,
487442106,45115,
487482107,44964,
487522108,45212,
487562107,45285,
487602106,45380,
487642107,45532,
487682108,45555,
487722106,45219,
487762107,45219,
487802108,44837,
487842108,45476,
487882106,45427,
487922106,44620,
487962106,45692,
488002108,45188,
488042106,45219,
488082106,45756,
488122106,45013,
488162106,44939,
488202108,45005,
488242106,45667,
488282106,45629,
488322108,45588,
488362108,45741,
488402106,45965,
488442106,45565,
488482106,44860,
488522106,45565,
488562108,45069,
488602106,45436,
488642108,45901,
488682108,46500,
488722106,46085,
488762106,46341,
488802106,46044,
488842108,46108,
488882106,44837,
488922106,45365,
488962106,44613,
489002107,44293,
489042108,44741,
489082106,46605,
489122107,45813,
489162108,44957,
489202108,45175,
489242108,45189,
489282107,45054,
489322106,45478,
489362106,45198,
489402106,45654,
489442106,45567,
489482106,45966,
489522106,45934,
489562108,46285,
489602107,46022,
489642108,45854,
489682108,45413,
489722108,45997,
489762106,44503,
489802108,45949,
489842107,46190,
489882108,45157,
489922106,45455,
490002107,45781,
490042108,46239,
490082106,45157,
490122108,46213,
490162108,46213,
490202107,46262,
490242107,46045,
490282108,45805,
490322108,45373,
490362106,45525,
490402108,44853,
490442107,45343,
490482106,45430,
490522108,45558,
490562108,44767,
490602108,45038,
490642108,45293,
490682108,46094,
490722106,44671,
490762106,45542,
490802108,45287,
490842108,45063,
490882108,45791,
490922106,45775,
490962106,45119,
491002108,44727,
491042108,45294,
491082106,45598,
491162108,45030,
491202106,46295,
491242108,45934,
491282108,45301,
491322106,44886,
491362108,45045,
491402106,45493,
491442108,45558,
491482108,45461,
491522106,45318,
491562106,46341,
491602107,44958,
491642106,45007,
491682106,45143,
491722106,45063,
491762106,46047,
491802106,45055,
491842106,44887,
491882106,44687,
491922106,44543,
491962108,45423,
492002108,45542,
492042108,44718,
492082108,45126,
492122106,45103,
492162108,44975,
492202108,44839,
492242108,45664,
492282106,45423,
492322108,44583,
492362107,45359,
492402106,46343,
492442106,44911,
492522108,45103,
492562106,45591,
492602107,45552,
492642108,44671,
492682106,44951,
492722108,45039,
492802106,46111,
492842106,45080,
492882108,45200,
492922108,45768,
492962106,45080,
493002107,44280,
493042107,45832,
493082106,45809,
493122108,46112,
493162108,44608,
493202108,46120,
493242108,45064,
493282107,45921,
493322108,44768,
493362106,45585,
493402106,45496,
493442108,45400,
493482108,45911,
493522108,45697,
493562106,44697,
493602106,45265,
493642106,45689,
493682108,45408,
493722108,46471,
493762106,46576,
493802106,45440,
493842106,46264,
493882106,44689,
493922108,44608,
493962108,44992,
494002106,44969,
494082107,46425,
494122108,45448,
494162106,45201,
494242108,45456,
494282106,45753,
494322106,44985,
494362106,45049,
494402106,45889,
494442107,45392,
494482108,45097,
494522107,45081,
494562108,45728,
494602107,45746,
494642106,45993,
494682106,45817,
494722106,45840,
494762108,45369,
494802107,45489,
494842106,45657,
494882106,44985,
494922106,44985,
494962108,45265,
495002106,45699,
495042106,46217,
495082106,45498,
495122108,45881,
844152493,16058,
495202106,45011,
495242107,46042,
495282108,44971,
495322106,45475,
495362106,44891,
495402108,44611,
495482106,45106,
495522108,46091,
495562106,46105,
495602108,45354,
495642108,45153,
495682106,45802,
495722108,45634,
495762107,45402,
495802107,44906,
495842106,45339,
495882108,44643,
495922106,45547,
495962106,45731,
496002106,45259,
496042108,44571,
496082107,45187,
496122107,44971,
496162108,44987,
496202107,45204,
496282107,45395,
496322108,45931,
496362107,45691,
496402108,45236,
496442107,45908,
496482108,44444,
496522108,45339,
496562108,44292,
496602108,44660,
496642108,45395,
496682108,46147,
496722108,44412,
496762107,45339,
496802108,44948,
496842107,44948,
496882106,44252,
496922106,45100,
496962106,45204,
497002106,45883,
497042108,45731,
497082108,45740,
497122108,45636,
497162106,44956,
497202108,45716,
497242108,45548,
497282108,45220,
497322108,45220,
497362108,45716,
497402108,45995,
497442106,44300,
497482108,45787,
497522107,44988,
497562108,44964,
497602108,45004,
497642106,44964,
497682108,45587,
497722108,45684,
497762108,45580,
497802107,45899,
497842108,44748,
497882108,45748,
497922107,45373,
498002108,45324,
498042108,45340,
498082106,45636,
498122108,45317,
498162108,45516,
498202106,45277,
498242106,44732,
498282108,45476,
498322108,45133,
498362106,45653,
498402107,45572,
498442108,45053,
498482108,45460,
498522106,45348,
498562106,45557,
498602107,44949,
498642108,45717,
498682108,45173,
498722108,46236,
498762106,44900,
498802106,45412,
498842106,45564,
498882107,45420,
498922106,44645,
498962108,45348,
499002108,45037,
499042108,44997,
499082108,45109,
499122106,45221,
499162108,45133,
4060233239,16141,
499242108,44717,
499282106,45421,
499322107,44806,
499362106,45925,
499402108,45300,
499442106,45229,
499482108,44885,
499522106,44677,
499562107,44646,
499602106,45317,
499642108,46101,
499682106,46101,
499722106,44206,
499762106,46421,
499802108,45429,
499842106,44526,
499882106,45302,
499922108,44686,
499962106,46109,
500002106,45749,
500042106,45502,
500082106,44686,
500122108,45061,
500162106,46141,
500202106,45205,
500242108,44557,
500282106,45485,
500322108,45709,
500362106,46013,
500402108,45565,
500442106,45677,
500482107,45621,
500522106,45549,
500562108,45134,
500602108,44917,
500642106,45101,
500682108,44182,
500722106,44910,
500762106,45246,
500802108,45261,
500842108,44918,
500882106,45366,
500922108,45845,
500962106,44711,
501002108,45654,
501042106,46381,
501082107,44893,
501122108,45335,
501162108,45838,
501202108,44095,
501242107,46414,
501282108,44991,
501322106,45040,
501362107,45733,
501402108,45447,
501442106,45430,
501482108,45719,
501522108,45479,
501562108,45391,
501602108,45503,
501642106,45008,
501682106,44711,
501722108,44926,
501762106,44791,
501802106,45215,
501842108,45430,
501882106,45861,
501922107,45135,
501962107,45071,
502002108,44494,
502042106,44590,
502082106,44590,
502122106,45781,
502162106,45702,
502202107,45822,
502242108,44847,
502282108,45407,
502322108,45598,
502362106,45071,
502402108,46079,
502442108,45542,
502482106,45303,
502522106,46031,
502562107,45064,
502602108,45061,
502642108,45159,
502682108,45471,
502722106,45766,
502762106,44543,
502802108,44864,
502842108,44872,
502882106,45838,
502922108,45863,
502962108,45520,
503002108,46415,
503042108,45911,
503082108,45568,
503122107,45472,
503162106,46215,
503202106,45056,
503242108,44856,
2118434281,16030,
503322106,45935,
503362106,46215,
503402108,45296,
503442106,44928,
503482108,45215,
503522106,45359,
503562106,45335,
503602106,45512,
503642108,45423,
503682106,45942,
503722106,44936,
503762108,44840,
503802106,45400,
503842106,45535,
503882106,45288,
503922106,45344,
503962106,46296,
504002108,46118,
504042106,45560,
504082107,45568,
504122108,44944,
504162107,45967,
504202106,44777,
504242106,45760,
504282108,44968,
504322107,44888,
504362106,45464,
504402107,44744,
504442108,44744,
504482108,45664,
504522107,45695,
504562108,44609,
504602108,45776,
504642108,44344,
504682106,45624,
504722106,45377,
504762107,46087,
504802106,45040,
504842107,44584,
504882106,45816,
504922106,44952,
504962108,45848,
505002106,45536,
505042106,45088,
505082106,45608,
505122108,45440,
505162108,45632,
505202107,46120,
505242108,44632,
505282107,46160,
505322108,45256,
505362106,45545,
505402108,45193,
505442106,44952,
505482106,45288,
505522106,45904,
505562108,44881,
505602106,44873,
505642107,44920,
505682107,45601,
505722108,45601,
505762108,45777,
505802108,45232,
505842106,45472,
505882108,45624,
505922107,44609,
505962107,44944,
506002106,45288,
506042106,44785,
506082107,44673,
506122108,45312,
506162108,45631,
506202106,44649,
506242106,45881,
506282108,46352,
506322106,44569,
506362106,45144,
506402106,44896,
506442108,44640,
506482108,45856,
506522108,45736,
506562106,45081,
506602108,45288,
506642106,45632,
506682106,45025,
506722106,44193,
506762108,45209,
506802106,44345,
506842106,44345,
506882106,45185,
506922106,45561,
506962108,46280,
507002108,46280,
507042107,45153,
507082106,44369,
507122106,45744,
507162108,45209,
507202107,44449,
507242108,45632,
507282106,45192,
1648803602,47720,
507322108,45968,
507402106,44920,
507442106,45744,
507482107,45552,
507522106,44761,
507562106,45833,
507602108,44840,
507642108,44305,
507682106,44912,
507722106,45265,
507762106,44888,
507802108,45224,
507842106,45360,
507882106,45448,
507922106,45919,
507962108,45263,
508002108,44601,
508042106,45592,
508082106,45192,
508122108,45608,
508162108,45360,
508202106,45960,
508242106,45072,
508282106,45160,
508322106,46647,
508362106,45232,
508402106,45104,
508442106,45631,
508482108,44616,
508522108,45375,
508562108,44976,
508602108,45311,
508642106,44200,
508682106,45095,
508722106,45831,
508762106,44528,
508802106,46263,
508842106,46016,
508882106,45223,
508922108,46031,
508962106,45950,
509002108,45624,
509042108,45111,
509082108,45032,
509122106,45911,
509162106,45391,
509202108,45878,
509242106,45878,
509282106,45415,
509322108,45247,
509362108,45583,
509402108,44560,
509442106,45967,
509482108,45495,
509522106,45614,
509562108,45542,
509602108,45687,
509642106,46894,
509682108,45318,
509722108,45575,
509802108,45285,
509842108,44696,
509882108,45990,
509922106,45967,
509962106,46205,
510002108,45901,
510042106,45005,
510082108,45094,
510122106,44949,
510162106,44800,
510202106,45583,
510242106,45229,
510282106,45271,
510322106,46247,
510362107,45631,
510402108,46006,
510442106,45159,
510482107,45351,
510522106,44470,
510562108,45430,
510602108,44646,
510642107,45086,
510682106,44949,
510722108,44886,
510762106,46717,
510802106,45663,
510842106,44750,
510882106,45469,
510922106,45631,
510962107,45271,
511002106,45670,
511042108,45390,
511082106,45590,
511122106,45334,
511162108,45997,
511202107,45110,
511242108,45789,
511282108,45542,
511322108,45037,
511362106,45845,
812695310,15798,
511402108,44998,
511482106,45357,
511522108,45461,
511562108,45246,
511602106,45246,
511642106,45637,
511682106,45909,
511722106,44774,
511762106,45661,
511802108,45405,
511842106,44973,
511882106,45773,
511922106,45302,
511962106,44942,
512002106,45037,
512042106,45110,
512082106,46669,
512122108,45517,
512162106,45797,
512202106,45045,
512242106,45893,
512282106,44789,
512362106,45829,
512402108,44806,
512442108,45589,
512482106,45685,
512522108,44901,
512562106,44702,
512602108,45205,
512642106,44694,
512682106,45477,
512722106,46004,
512762108,44893,
512802106,45916,
512842108,44973,
512882108,45356,
512922107,44973,
512962108,44501,
513002106,46293,
513042106,44694,
513082106,44694,
513122108,45677,
513162107,45061,
513202107,45013,
513242106,44582,
513282108,45804,
513322107,44957,
513362107,45101,
513402106,45205,
513482106,44989,
513522108,44885,
513562106,45597,
513602106,45389,
513642107,45244,
513682106,45429,
513762108,45885,
513802107,46261,
513842106,44773,
513882106,45468,
513922108,45365,
513962106,44534,
514002106,45029,
514042106,45029,
514082108,44861,
514122106,45533,
514162106,45012,
514202106,45253,
514242106,45724,
514282106,43989,
514322106,44717,
514362107,45493,
514402106,44813,
514442106,44030,
514482106,44557,
514522108,45901,
514562108,45429,
514602107,45748,
514642106,44470,
514682106,45190,
514722106,45637,
514762108,45349,
514802106,45885,
514842106,45422,
514882108,45773,
514962108,45302,
515002108,45869,
515042106,44333,
515082108,45765,
515122108,45637,
515162108,44366,
515202108,45413,
515242106,44166,
515282108,45198,
515322106,44973,
515362106,44886,
515402108,45581,
515442106,44549,
515482108,45101,
1289895381,48523,
515562106,46004,
515602108,45724,
515642106,44973,
515682106,45916,
515722108,45549,
515762108,44797,
515802108,45029,
515842106,44788,
515882106,44478,
515922108,46356,
515962106,46172,
516002106,46380,
516042108,45501,
516082106,45445,
516122106,45061,
516162106,45244,
516242108,45340,
516282106,45101,
516362106,45269,
516402106,45269,
516442106,45005,
516482106,45692,
516522107,44669,
516562106,45205,
516602106,45493,
516642106,44788,
516682106,45876,
516722106,44933,
516762106,45021,
516802106,44557,
516842106,44797,
516882106,45493,
516922106,45453,
516962106,44694,
517002108,45149,
517042108,45389,
517082106,44781,
517122106,45597,
517162108,45836,
517202108,44542,
517242108,45413,
517282108,44926,
517322106,45590,
517362106,44806,
517402108,44670,
517442106,43967,
517482106,45198,
517522108,45413,
517562107,45605,
517602108,44190,
517642108,45054,
517682108,45590,
517722106,45222,
517762106,45534,
517802106,45646,
517842107,44430,
517882107,45973,
517922107,45653,
517962108,45206,
518002108,45190,
518042108,45629,
518082108,44773,
518122108,45933,
518162108,45069,
518202106,45285,
518282106,45813,
518322108,45190,
518362106,45253,
518402106,45789,
518442106,45356,
518482106,44381,
518522106,45821,
518562106,45253,
518602108,45925,
518642106,44997,
518682108,45229,
518722108,44917,
518762108,45300,
518802106,45300,
518842108,45468,
518882106,44973,
518922108,45253,
518962106,44501,
519002106,45532,
519042108,45724,
519082106,44829,
519122106,45549,
519162106,45493,
519202108,45885,
519242108,44933,
519282108,45188,
519322108,43852,
519362108,45941,
519402108,45412,
519442108,45348,
519482106,45844,
519522106,45348,
643546503,16064,
519562108,45516,
519642108,45124,
519682108,45228,
519722106,44516,
519762108,45724,
519802106,45852,
519842106,45612,
519882108,45093,
519922106,46203,
519962108,45660,
520002108,44620,
520042106,45340,
520082106,45549,
520122107,45093,
520162107,44493,
520202106,46212,
520242106,45844,
520282106,45300,
520322106,44821,
520362106,45221,
520402106,44150,
520442106,45269,
520482108,44452,
520522106,45468,
520562108,44925,
520602106,45373,
520642107,45037,
520682106,45228,
520722106,45269,
520762108,45932,
520802108,45549,
520842108,45988,
520882106,44757,
520922108,46068,
520962108,45061,
521002108,44773,
521042108,44806,
521082108,45501,
521122106,47045,
521162107,45957,
521202106,45957,
521242108,44733,
521282108,44854,
521322107,46365,
521362108,45069,
521402107,45381,
521442108,45117,
521482108,45054,
521522106,45269,
521562108,45413,
521602106,45302,
521642108,45397,
521682106,45533,
521722106,44989,
521762108,45261,
521802106,44997,
521842107,45157,
521882108,45254,
521922106,45254,
521962108,45534,
522002106,44310,
522042108,44943,
522082108,45446,
522122106,45590,
522162107,45590,
522202106,46222,
522242106,45670,
522282106,44903,
522322106,45142,
522362106,45957,
522402106,45407,
522442106,45486,
522482108,46150,
522522106,44942,
522562108,46813,
522602106,45781,
522642108,45917,
522682108,44862,
522722106,46694,
522762106,46205,
522802106,45094,
522842108,45390,
522882106,45733,
522922108,45254,
522962108,45581,
523002108,45293,
523042108,45181,
523082108,46013,
523122108,45493,
523162108,45022,
523202107,45941,
523242108,46301,
523282108,46117,
523322108,45725,
523362106,44814,
523402108,45741,
523442106,45237,
523482106,45030,
523522106,45573,
523562108,45190,
523602108,45190,
523642106,45045,
4065836300,16049,
523722108,45973,
523762107,46485,
523802108,45334,
523842108,44702,
523882107,44845,
523922106,46237,
523962106,45702,
524002106,45149,
524042107,45101,
524082108,45605,
524122107,45349,
524162106,45990,
524202106,45814,
524242108,45861,
524282108,45415,
524322106,45215,
524362107,45534,
524402108,45334,
524442106,45894,
524482106,44567,
524522106,45407,
524562108,45447,
524602106,45911,
524642108,45942,
524682106,45710,
524722106,45327,
524762108,44567,
524802108,45575,
524842108,45733,
524882108,45565,
524922107,45534,
524962106,45407,
525002106,45519,
525042107,46414,
525082108,46023,
525122106,46038,
525162108,44870,
525202107,45837,
525242108,46533,
525282106,46079,
525322106,46429,
525362108,46421,
525402108,45741,
525442108,45542,
525482106,44949,
525522106,45422,
525562106,45670,
525602108,45957,
525642108,45351,
525682106,44494,
525722106,43774,
525762106,45621,
525802106,46013,
525842108,44366,
525882106,44998,
525922106,45318,
525962106,45397,
526002106,45397,
526042107,45071,
526082108,45094,
526122108,45519,
526162108,45408,
526202108,45247,
526242108,44120,
526282108,45751,
526322106,45407,
526362108,44856,
526402106,46110,
526442106,45359,
526482108,45807,
526522106,45111,
526562106,44752,
526602108,46247,
526642108,46207,
526682108,45911,
526722107,45631,
526802106,45527,
526842106,45040,
526882108,45759,
526922108,44976,
526962106,45848,
527002106,44920,
527042106,45799,
527082106,45663,
527122106,44887,
527162106,45391,
527202106,45439,
527242108,45831,
527282106,45080,
527322108,46591,
527362108,44800,
527402108,44887,
527442106,45607,
527482108,45519,
527522108,44896,
527562108,45303,
527602108,45654,
527642107,45792,
527682106,45607,
527722106,44752,
2357247241,16049,
527802108,45559,
527842106,46174,
527882107,45400,
527922106,46454,
527962106,45647,
528002106,45727,
528042108,45960,
528082107,45199,
528122108,46911,
528162106,45064,
528202108,45927,
528242106,45815,
528282108,44943,
528322106,46047,
528362107,45720,
528402106,45720,
528442106,45904,
528482106,45751,
528522106,45624,
528562106,45232,
528602106,45447,
528642107,45975,
528682107,45848,
528722108,45400,
528762108,46296,
528802106,45192,
528842108,45886,
528882108,45727,
528922106,44696,
528962106,45631,
529002108,45655,
529042108,44992,
529082106,45431,
529122108,46006,
529162108,45711,
529202106,45456,
529242106,46311,
529282108,45848,
529322108,45216,
529362107,45886,
529402106,44968,
529442106,45894,
529482108,45711,
529522108,46415,
529562108,45615,
529602106,45512,
529642106,45934,
529682108,45654,
529722108,45344,
529762106,45894,
529802106,45128,
529842106,45047,
529882106,45135,
529922108,45407,
529962108,45751,
530002106,45430,
530042107,45303,
530082107,45695,
530122106,45359,
530162106,44719,
530202108,45439,
530242106,45407,
530282107,45519,
530322106,45878,
530362106,45103,
530402108,45479,
530482107,44823,
530522108,45775,
530562108,44943,
530602107,45047,
530642108,45542,
530682108,45663,
530762108,45815,
530802108,45815,
530842108,45695,
530882108,45183,
530922108,45143,
530962108,45391,
531002108,46213,
531042106,46031,
531082107,45783,
531122108,46255,
531162108,44472,
531202106,44791,
531242106,45863,
531282108,45088,
531322108,44976,
531362107,46199,
531402108,45542,
531442108,43751,
531482108,45911,
531522106,45167,
531562106,46054,
531602108,44920,
531642107,45751,
531682108,45543,
531722106,45998,
531762106,46398,
531802106,44991,
605863173,16049,
531882106,45486,
531922108,45367,
531962108,45439,
532002108,45453,
532042108,46085,
532082107,45799,
532122108,45861,
532162106,46085,
532202108,45725,
532242106,45254,
532282106,44830,
532322106,45430,
532362108,46453,
532402106,44974,
532442108,45478,
532482106,45614,
532522108,45198,
532562108,45542,
532602106,45646,
532642107,44830,
532682106,44989,
532722106,45589,
532762106,45534,
532802108,45269,
532842108,45773,
532882106,45533,
532922107,46285,
532962106,44766,
533002108,45558,
533042106,45541,
533082108,45765,
533122108,46149,
533162106,44869,
533202108,44869,
533242106,45325,
533282106,46381,
533322106,46109,
533362108,46916,
533402106,44534,
533442106,45222,
533482107,45877,
533522106,46349,
533562108,45341,
533602108,45453,
533642106,45597,
533682108,44957,
533722107,45853,
533762108,45405,
533802108,45701,
533842107,45613,
533882108,45021,
533922108,44174,
533962107,44893,
534002106,45429,
534042107,46284,
534082106,44381,
534122108,44885,
534162106,45093,
534202106,46100,
534242108,45549,
534282107,45620,
534322108,45109,
534362108,45117,
534402107,45476,
534442108,45188,
534482108,45356,
534522108,45597,
534562108,45381,
534602106,45101,
534642108,45324,
534682106,45597,
534722106,44788,
534762108,44750,
534802108,45460,
534842107,45508,
534882108,45196,
534922108,46356,
534962108,45740,
535002106,45980,
535042108,45844,
535082106,45269,
535122106,45037,
535162108,45244,
535202108,45900,
535242107,45084,
535282108,45588,
535322108,45941,
535362107,44605,
535402106,45212,
535442107,45213,
535482108,45532,
535522108,45149,
535562108,45692,
535602106,45692,
535642107,45804,
535682108,45644,
535722106,44988,
535762107,45205,
535802106,45412,
535842106,45005,
535882106,45388,
3230317826,16048,
535962108,45916,
536002108,45364,
536042106,45348,
536082108,45780,
536122108,45412,
536162106,46883,
536202108,45444,
536242106,46060,
536282106,45244,
536322108,45244,
536362106,45004,
536402106,45100,
536442107,46020,
536522106,46203,
536562108,46020,
536602108,45451,
536642108,45940,
536682108,45500,
536722106,45380,
536762107,46035,
536802106,45124,
536842108,44508,
536882106,46531,
536922106,45860,
536962108,46683,
537002107,46315,
537042106,45587,
537082107,45964,
537122108,45707,
537162108,45755,
537202108,45780,
537242106,45227,
537282108,46123,
537322106,46091,
537362108,45212,
537402107,45923,
537442108,46172,
537482106,45627,
537522106,45755,
537562106,44548,
537602108,46339,
537642107,45355,
537682106,46228,
537722108,45883,
537762107,45811,
537802106,45299,
537842106,44412,
537882106,46219,
537922108,45251,
537962106,45467,
538002108,45467,
538042107,45011,
538082107,45388,
538122106,45371,
538162106,45874,
538202106,46219,
538242108,46243,
538282107,45411,
538322106,45706,
538362107,46259,
538402108,46747,
538442108,44307,
538482108,45403,
538522108,46004,
538562108,45818,
538602108,44787,
538642108,46019,
538682108,45339,
538722108,45986,
538762108,45115,
538802108,45771,
538842106,45818,
538882108,45691,
538922108,45419,
538962106,44699,
539002106,45059,
539042108,45563,
539082108,45299,
539122108,45355,
539162106,46371,
539202106,44602,
539242107,45091,
539282108,45307,
539322107,44859,
539362108,44779,
539402108,45483,
539442106,44979,
539482106,45330,
539522108,45755,
539562106,46275,
539602106,45554,
539642106,45587,
539682108,46506,
539722106,45683,
539762108,45699,
539802106,45363,
539842107,44882,
539882106,45003,
539922106,46299,
539962107,45531,
1828306175,16048,
540042106,45554,
540082107,45755,
540122106,45448,
540162108,44978,
540202108,46249,
540242108,45122,
540282108,46185,
540322106,46026,
540362106,44593,
540402108,44593,
540442108,45186,
540482106,45705,
540522108,46008,
540562108,45258,
540602106,45433,
540642106,45475,
540682108,45985,
540722106,44954,
540762106,45761,
540802108,44745,
540842107,46161,
540882106,45672,
540922108,45122,
540962106,44394,
541002107,44618,
541042108,45425,
541082108,45649,
541122108,45168,
541162107,45074,
541202108,45481,
541242106,45280,
541282107,45616,
541322108,45921,
541362108,45081,
541402108,46721,
541442108,46337,
541482106,45560,
541522107,45680,
541562106,45353,
541602108,44913,
541642106,46097,
541682108,45609,
541722107,45361,
541762106,45777,
541802106,46313,
541842106,44985,
541882108,45417,
541922106,45728,
541962108,45721,
542002107,45521,
542042107,45777,
542082106,46329,
542122106,45353,
542162108,45353,
542202106,45297,
542242106,44601,
542282106,46385,
542322108,45736,
542362106,45409,
542402106,45840,
542442106,45385,
542482108,46033,
542522108,45288,
542562106,46120,
542602107,45784,
542642108,45633,
542682108,44896,
542722108,45633,
542762108,45129,
542802106,45129,
542842107,46408,
542882108,45872,
542922106,46361,
542962108,45736,
543002107,46296,
543042108,45336,
543082108,45385,
543122106,46376,
543162107,45545,
543202108,45689,
543242108,45480,
543282106,44944,
543322108,45840,
543362108,45456,
543402108,46064,
543442108,45440,
543482106,45297,
543522108,46585,
543562106,45241,
543602106,45473,
543642107,46008,
543682106,43945,
543722106,45064,
543762107,44784,
543802106,44753,
543842108,44712,
543882107,45840,
543922108,46145,
543962106,45697,
544002107,46072,
544042108,45249,
1051727889,2234,
544122106,46359,
544162106,45016,
544202107,45336,
544242106,45776,
544282108,45081,
544322106,45201,
544362108,45704,
544402106,45384,
544442106,44969,
544482108,45352,
544522106,46000,
544562108,45608,
544602107,44928,
544642108,45216,
544682108,44600,
544722108,45272,
544762106,45576,
544802106,44808,
544842108,45967,
544882106,45848,
544922108,45368,
544962108,45288,
545002106,45208,
545042106,45832,
545082108,46032,
545122108,45592,
545162106,45720,
545202106,45720,
545242108,45120,
545282106,45992,
545322107,45840,
545362106,46567,
545402108,46152,
545442107,45800,
545482107,45200,
545522108,46040,
545562108,44832,
545602106,45504,
545642107,45008,
545682108,45880,
545722108,46656,
545762107,43568,
545802106,45864,
545842108,45496,
545882108,44640,
545922106,46320,
545962107,46000,
546002108,45832,
546042106,45144,
546082106,45784,
546122108,45808,
546162108,45384,
546202106,45935,
546242107,45631,
546282108,44408,
546322106,45104,
546362108,46783,
546402108,44576,
546442108,44520,
546482108,45336,
546522106,45976,
546562108,44488,
546602106,45343,
546642107,45664,
546682108,45519,
546722108,44800,
546762106,45496,
546802106,45151,
546842108,45655,
546882108,45903,
546922106,45911,
546962107,46047,
547002106,45280,
547042108,46047,
547082106,45879,
547122108,45431,
547162106,45799,
547202108,45175,
547242106,45687,
547282108,45047,
547322108,45983,
547362108,45223,
547402106,46519,
547442106,46023,
547482107,46263,
547522106,45599,
547562108,45223,
547602108,45223,
547642106,45503,
547722108,46367,
547762106,46039,
547802107,45119,
547842108,45559,
547882108,45111,
547922106,46239,
547962107,45871,
548002107,45447,
548042108,45975,
548082106,45703,
3473915125,16047,
548122108,45742,
548202108,46031,
548242108,44975,
548282106,46479,
548322108,46255,
548362106,45679,
548402108,45975,
548442106,45023,
548482108,45527,
548522106,45695,
548562107,44631,
548602108,45111,
548642108,46111,
548682108,46255,
548722108,45159,
548762107,46335,
548802106,46287,
548842106,44982,
548882106,46087,
548922106,45751,
548962108,45406,
549002108,45350,
549042108,45990,
549082108,46279,
549122106,46494,
549162108,46335,
549202106,46509,
549242107,46503,
549282106,44623,
549322108,45710,
549362106,44559,
549402107,45583,
549442108,45471,
549482108,45350,
549522108,45654,
549562108,45663,
549602106,45206,
549642106,45966,
549682108,46015,
549722108,44615,
549762108,45917,
549802106,46055,
549842108,45119,
549882106,45791,
549922107,45462,
549962106,45166,
550002106,45166,
550042108,46061,
550082108,45549,
550122106,46005,
550162106,44158,
550202106,45558,
550242107,45982,
550282108,45637,
550322106,45222,
550362106,45909,
550402106,45661,
550442106,46117,
550482108,44821,
550522106,44886,
550562108,45125,
550602108,45989,
550642106,45437,
550682107,45381,
550722106,44957,
550762108,45621,
550802108,45149,
550842108,45429,
550882106,44942,
550922108,45429,
550962106,46525,
551002106,45765,
551042108,44909,
551082108,45685,
551122106,45245,
551162108,44117,
551202108,45597,
551242106,45541,
551282106,44909,
551322108,45269,
551362107,45149,
551402106,46581,
551442108,45405,
551482106,46717,
551522108,45349,
551562108,45325,
551602108,46013,
551642108,44965,
551682106,45789,
551722108,45614,
551762106,45261,
551802108,45629,
551842108,44997,
551882108,45717,
551922108,45661,
551962108,45125,
552002106,46421,
552042108,44725,
552082108,45965,
552122108,45101,
552162108,45229,
3169899458,32439,
552202106,45933,
552282107,45509,
552322107,45413,
552362106,45533,
552402108,45533,
552442106,45117,
552482108,45222,
552522108,44773,
552562106,44773,
552602106,45653,
552642106,46005,
552682107,45797,
552722106,45877,
552762108,44653,
552802106,46213,
552842108,45749,
552882107,45797,
552922106,45829,
552962106,45325,
553002108,44645,
553042107,45821,
553082106,44957,
553122106,45285,
553162108,45005,
553202108,45309,
553242108,44613,
553282108,45541,
553322106,44709,
553362108,45565,
553402108,45110,
553442106,45845,
553482107,44981,
553522108,45245,
553562108,46861,
553602106,45797,
553642106,45405,
553682106,46101,
553722106,44797,
553762108,45429,
553802108,45965,
553842108,44942,
553882108,45741,
553922106,44813,
553962107,45621,
554002107,45301,
554042108,45173,
554082106,45469,
554122108,45661,
554162108,45517,
554202106,46349,
554242108,45541,
554282108,45405,
554322106,45733,
554362108,45485,
554402108,45341,
554442108,45133,
554482108,46077,
554522108,45940,
554562108,45973,
554602107,44973,
554642108,45533,
554682106,45380,
554722108,46117,
554802106,45268,
554842106,45525,
554882108,45301,
554922108,45436,
554962108,45589,
555002106,43692,
555042106,46052,
555082108,46212,
555122106,46013,
555162106,45652,
555202106,45789,
555242108,45891,
555282108,46316,
555322108,45700,
555362107,45573,
555402106,45524,
555442108,45219,
555482106,45133,
555522108,45540,
555562106,44957,
555602107,45548,
555642106,45789,
555682108,45364,
555722108,44939,
555762106,45300,
555802108,45188,
