444682106,4096,
444602106,4096,
444842106,4096,
444562106,4096,
444762106,4096,
444482108,4096,
444642108,4096,
444722107,4096,
444802108,4096,
444882106,4096,
444922108,4096,
444962108,4096,
445002106,4096,
445042108,4096,
445082106,4096,
445122106,4096,
445162106,4096,
445202108,4096,
445242107,4096,
445282108,4096,
445322106,4096,
445362106,4096,
445442108,4096,
445482107,4096,
445522106,4096,
445562108,4096,
445602106,4096,
445642106,4096,
445682107,4096,
445722106,4096,
445762106,4096,
445802108,4096,
445842106,4096,
445882108,4096,
445922108,4096,
445962108,4096,
446002108,4096,
446042108,4096,
446082107,4096,
446122108,4096,
446162106,4096,
446202106,4096,
446242108,4096,
446282108,4096,
446322107,4096,
446362107,4096,
446402106,4096,
446442107,4096,
446482108,4096,
446522108,4096,
446562108,4096,
446602108,4096,
3951869038,-24777,
446682108,4096,
446722108,4096,
446762106,4096,
446802107,4096,
446882108,4096,
446922106,4096,
446962108,4096,
447002106,4096,
447042108,4096,
447082106,4096,
447122108,4096,
447162106,4096,
447202106,4096,
447242108,4096,
447282108,4096,
447322106,4096,
447362106,4096,
447402108,4096,
447442106,4096,
447482106,4096,
447522106,4096,
447562106,4096,
447602106,4096,
447642107,4096,
447682108,4096,
447722108,4096,
447762108,4096,
447842107,4096,
447882107,4096,
447922108,4096,
447962108,4096,
448002106,4096,
448042108,4096,
448082108,4096,
448122108,4096,
448162108,4096,
448202108,4096,
448242108,4096,
448282108,4096,
448322106,4096,
448362106,4096,
448402106,4096,
448442108,4096,
448482106,4096,
448522106,4096,
448562108,4096,
448602108,4096,
448642106,4096,
448682108,4096,
448722108,4096,
448762108,4096,
448802108,4096,
448842108,4096,
448882108,4096,
448922108,4096,
448962106,4096,
449002106,4096,
449042106,4096,
449082108,4096,
449122108,4096,
449162106,4096,
449202108,4096,
449242106,4096,
449282106,4096,
449322108,4096,
449362108,4096,
449402106,4096,
449442107,4096,
449482107,4096,
449522106,4096,
449562108,4096,
449602106,4096,
449642108,4096,
449682108,4096,
449722108,4096,
449762108,4096,
449802108,4096,
449842107,4096,
449882108,4096,
449922108,4096,
449962108,4096,
450002106,4096,
450042106,4096,
450082106,4096,
450122108,4096,
450162108,4096,
450202106,4096,
450242106,4096,
450282106,4096,
450362106,4096,
450402107,4096,
450442106,4096,
450482108,4096,
450522106,4096,
450562108,4096,
450602106,4096,
450642108,4096,
450682108,4096,
3184311191,-8839,
450762106,4096,
450802106,4096,
450842106,4096,
450882106,4096,
450922108,4096,
451002108,4096,
451042106,4096,
451082106,4096,
451122106,4096,
451162108,4096,
451202108,4096,
451242108,4096,
451282108,4096,
451322108,4096,
451362108,4096,
451402107,4096,
451442108,4096,
451522108,4096,
451562106,4096,
451602106,4096,
451642106,4096,
451682106,4096,
451722106,4096,
451762108,4096,
451802108,4096,
451842106,4096,
451882106,4096,
451922106,4096,
451962108,4096,
452002106,4096,
452042106,4096,
452082106,4096,
452122106,4096,
452162106,4096,
452202106,4096,
452242106,4096,
452282106,4096,
452322108,4096,
452362108,4096,
452402106,4096,
452442107,4096,
452482106,4096,
452522106,4096,
452562106,4096,
452602108,4096,
452642106,4096,
452682106,4096,
452722108,4096,
452762107,4096,
452802106,4096,
452842107,4096,
452882106,4096,
452922106,4096,
452962107,4096,
453002107,4096,
453042108,4096,
453082106,4096,
453122108,4096,
453162108,4096,
453202108,4096,
453242106,4096,
453282108,4096,
453322106,4096,
453362106,4096,
453402108,4096,
453442106,4096,
453482106,4096,
453522108,4096,
453562106,4096,
453602106,4096,
453642106,4096,
453682106,4096,
453722108,4096,
453762108,4096,
453802108,4096,
453842108,4096,
453882108,4096,
453922106,4096,
453962106,4096,
454002108,4096,
454042106,4096,
454082106,4096,
454122108,4096,
454162108,4096,
454202106,4096,
454242108,4096,
454322106,4096,
454362106,4096,
454402108,4096,
454442108,4096,
454482106,4096,
454522108,4096,
454562106,4096,
454602106,4096,
454642106,4096,
454682107,4096,
454722106,4096,
1223605131,6942,
454802106,4096,
454842106,4096,
454882108,4096,
454922106,4096,
454962106,4096,
455002106,4096,
455042106,4096,
455082106,4096,
455122106,4096,
455162106,4096,
455202106,4096,
455242106,4096,
455282106,4096,
455322106,4096,
455362106,4096,
455402108,4096,
455482106,4096,
455522106,4096,
455562108,4096,
455602106,4096,
455642106,4096,
455682106,4096,
455722106,4096,
455762106,4096,
455802108,4096,
455842106,4096,
455882106,4096,
455922107,4096,
455962106,4096,
456002108,4096,
456042108,4096,
456082106,4096,
456122108,4096,
456202108,4096,
456242106,4096,
456282108,4096,
456322108,4096,
456362106,4096,
456402108,4096,
456442106,4096,
456482106,4096,
456522106,4096,
456562106,4096,
456602106,4096,
456642108,4096,
456682108,4096,
456722106,4096,
456762108,4096,
456802108,4096,
456842108,4096,
456882108,4096,
456922108,4096,
456962108,4096,
457002108,4096,
457042106,4096,
457082108,4096,
457122106,4096,
457162106,4096,
457202107,4096,
457242106,4096,
457282106,4096,
457322108,4096,
457362106,4096,
457402108,4096,
457442108,4096,
457482108,4096,
457522107,4096,
457562107,4096,
457602107,4096,
457682108,4096,
457722106,4096,
457762106,4096,
457802106,4096,
457882107,4096,
457922106,4096,
457962106,4096,
458002108,4096,
458042108,4096,
458082106,4096,
458122106,4096,
458162108,4096,
458202107,4096,
458242106,4096,
458282106,4096,
458322107,4096,
458362106,4096,
458402108,4096,
458442108,4096,
458482106,4096,
458522108,4096,
458562108,4096,
458602106,4096,
458642108,4096,
458682106,4096,
458722108,4096,
458762106,4096,
3152002592,22723,
458842106,4096,
458882107,4096,
458922106,4096,
458962108,4096,
459002106,4096,
459042106,4096,
459082108,4096,
459122108,4096,
459162106,4096,
459202106,4096,
459242108,4096,
459282108,4096,
459322106,4096,
459362106,4096,
459402108,4096,
459442106,4096,
459482106,4096,
459522106,4096,
459562107,4096,
459602106,4096,
459642106,4096,
459682108,4096,
459722106,4096,
459762106,4096,
459802108,4096,
459842108,4096,
459882108,4096,
459922107,4096,
460002107,4096,
460042106,4096,
460082106,4096,
460122106,4096,
460162108,4096,
460202107,4096,
460242107,4096,
460282106,4096,
460322106,4096,
460362108,4096,
460402108,4096,
460442106,4096,
460482106,4096,
460522108,4096,
460562106,4096,
460602106,4096,
460642108,4096,
460682106,4096,
460722106,4096,
460762108,4096,
460802108,4096,
460842106,4096,
460882106,4096,
460922108,4096,
460962108,4096,
461002108,4096,
461042108,4096,
461082106,4096,
461122106,4096,
461162108,4096,
461202106,4096,
461242108,4096,
461282108,4096,
461322106,4096,
461362108,4096,
461402106,4096,
461442106,4096,
461482108,4096,
461522108,4096,
461562108,4096,
461602107,4096,
461642106,4096,
461682107,4096,
461722108,4096,
461762108,4096,
461802106,4096,
461842108,4096,
461882108,4096,
461922107,4096,
461962108,4096,
462002107,4096,
462042106,4096,
462082108,4096,
462122108,4096,
462202106,4096,
462242108,4096,
462282106,4096,
462322108,4096,
462362108,4096,
462402107,4096,
462442108,4096,
462482108,4096,
462522107,4096,
462562107,4096,
462602108,4096,
462642108,4096,
462682106,4096,
462722108,4096,
462762106,4096,
2135342902,-27032,
462802106,4096,
462882106,4096,
462922106,4096,
462962106,4096,
463002106,4096,
463042108,4096,
463082106,4096,
463122107,4096,
463162108,4096,
463202108,4096,
463242106,4096,
463282108,4096,
463322108,4096,
463362108,4096,
463402106,4096,
463442108,4096,
463482106,4096,
463522106,4096,
463562106,4096,
463602106,4096,
463642106,4096,
463682106,4096,
463722108,4096,
463762106,4096,
463842108,4096,
463882106,4096,
463922106,4096,
463962106,4096,
464002108,4096,
464042106,4096,
464082106,4096,
464122108,4096,
464162108,4096,
464202106,4096,
464242108,4096,
464282108,4096,
464322108,4096,
464362106,4096,
464402106,4096,
464442108,4096,
464482108,4096,
464522106,4096,
464562108,4096,
464602106,4096,
464642106,4096,
464682108,4096,
464762106,4096,
464802106,4096,
464842108,4096,
464882107,4096,
464922107,4096,
464962108,4096,
465002108,4096,
465042106,4096,
465082107,4096,
465122106,4096,
465162106,4096,
465202107,4096,
465242107,4096,
465282106,4096,
465322106,4096,
465362108,4096,
465402107,4096,
465442108,4096,
465482108,4096,
465522108,4096,
465562106,4096,
465602106,4096,
465642108,4096,
465682106,4096,
465722108,4096,
465762106,4096,
465802106,4096,
465842108,4096,
465882108,4096,
465922106,4096,
465962106,4096,
466002106,4096,
466042106,4096,
466082106,4096,
466122107,4096,
466162108,4096,
466202108,4096,
466242106,4096,
466282108,4096,
466322108,4096,
466362107,4096,
466402106,4096,
466442106,4096,
466482108,4096,
466522106,4096,
466562106,4096,
466602106,4096,
466642108,4096,
466682106,4096,
466722106,4096,
466762106,4096,
466802106,4096,
4215684809,-11250,
466842108,4096,
466922106,4096,
466962106,4096,
467002107,4096,
467042108,4096,
467082106,4096,
467122108,4096,
467162108,4096,
467242108,4096,
467282106,4096,
467322106,4096,
467362106,4096,
467402106,4096,
467442106,4096,
467482106,4096,
467522106,4096,
467562106,4096,
467602106,4096,
467642106,4096,
467682107,4096,
467722107,4096,
467762108,4096,
467802108,4096,
467842107,4096,
467882106,4096,
467922106,4096,
467962106,4096,
468002107,4096,
468042108,4096,
468082106,4096,
468122106,4096,
468162108,4096,
468202106,4096,
468242106,4096,
468282108,4096,
468322107,4096,
468362108,4096,
468402108,4096,
468442106,4096,
468482106,4096,
468522107,4096,
468562108,4096,
468602108,4096,
468642106,4096,
468682108,4096,
468722108,4096,
468762107,4096,
468802107,4096,
468842106,4096,
468882108,4096,
468922108,4096,
468962106,4096,
469002106,4096,
469042108,4096,
469082106,4096,
469122106,4096,
469162108,4096,
469202106,4096,
469242108,4096,
469282106,4096,
469322108,4096,
469362108,4096,
469402106,4096,
469442108,4096,
469482107,4096,
469522108,4096,
469562108,4096,
469602108,4096,
469642107,4096,
469682106,4096,
469762107,4096,
469802108,4096,
469842106,4096,
469882108,4096,
469922106,4096,
469962108,4096,
470002106,4096,
470042106,4096,
470082106,4096,
470122106,4096,
470162106,4096,
470202106,4096,
470242106,4096,
470282106,4096,
470322108,4096,
470362106,4096,
470402107,4096,
470442106,4096,
470482106,4096,
470522106,4096,
470562106,4096,
470602108,4096,
470642106,4096,
470682108,4096,
470722106,4096,
470762108,4096,
470802107,4096,
470842106,4096,
2084224129,4531,
470882106,4096,
470962106,4096,
471002108,4096,
471042108,4096,
471082106,4096,
471122106,4096,
471162106,4096,
471202106,4096,
471242108,4096,
471282108,4096,
471322108,4096,
471362108,4096,
471402108,4096,
471442108,4096,
471482108,4096,
471522106,4096,
471562108,4096,
471602108,4096,
471642106,4096,
471682108,4096,
471722108,4096,
471762106,4096,
471802106,4096,
471842106,4096,
471882108,4096,
471922107,4096,
471962107,4096,
472002108,4096,
472042108,4096,
472082108,4096,
472122108,4096,
472162108,4096,
472202108,4096,
472242108,4096,
472282107,4096,
472322106,4096,
472362106,4096,
472402107,4096,
472442108,4096,
472482108,4096,
472522106,4096,
472562108,4096,
472602106,4096,
472682108,4096,
472722108,4096,
472762107,4096,
472802108,4096,
472842108,4096,
472882106,4096,
472922108,4096,
472962106,4096,
473002106,4096,
473042108,4096,
473082108,4096,
473122107,4096,
473162108,4096,
473202106,4096,
473242106,4096,
473282107,4096,
473322107,4096,
473362106,4096,
473402106,4096,
473442108,4096,
473482106,4096,
473522108,4096,
473562106,4096,
473602107,4096,
473642107,4096,
473682108,4096,
473722108,4096,
473762108,4096,
473802107,4096,
473842107,4096,
473882108,4096,
473922108,4096,
473962108,4096,
474002108,4096,
474082106,4096,
474122108,4096,
474162106,4096,
474202107,4096,
474242106,4096,
474282108,4096,
474322108,4096,
474362108,4096,
474402106,4096,
474442108,4096,
474482108,4096,
474522106,4096,
474562106,4096,
474602108,4096,
474642108,4096,
474682108,4096,
474722106,4096,
474762107,4096,
474802108,4096,
474842108,4096,
474882108,4096,
2484190336,20312,
474922106,4096,
475002108,4096,
475042107,4096,
475082108,4096,
475122108,4096,
475162108,4096,
475202108,4096,
475242108,4096,
475282108,4096,
475322106,4096,
475362106,4096,
475402108,4096,
475442106,4096,
475482108,4096,
475522108,4096,
475562106,4096,
475602108,4096,
475642106,4096,
475682108,4096,
475722106,4096,
475762107,4096,
475802108,4096,
475842108,4096,
475882108,4096,
475922107,4096,
475962108,4096,
476002107,4096,
476042108,4096,
476082106,4096,
476122108,4096,
476162108,4096,
476202108,4096,
476242108,4096,
476282108,4096,
476322107,4096,
476362106,4096,
476402106,4096,
476442106,4096,
476482108,4096,
476522106,4096,
476562108,4096,
476602108,4096,
476642108,4096,
476682108,4096,
476722106,4096,
476762107,4096,
476802108,4096,
476842108,4096,
476882106,4096,
476922106,4096,
476962108,4096,
477002106,4096,
477042108,4096,
477082108,4096,
477122108,4096,
477162108,4096,
477202107,4096,
477242108,4096,
477282107,4096,
477322106,4096,
477362106,4096,
477402106,4096,
477442106,4096,
477482108,4096,
477522108,4096,
477562108,4096,
477602106,4096,
477642107,4096,
477682108,4096,
477722108,4096,
477762106,4096,
477802106,4096,
477842107,4096,
477882106,4096,
477922106,4096,
477962108,4096,
478002108,4096,
478042108,4096,
478082108,4096,
478122108,4096,
478162108,4096,
478202108,4096,
478242108,4096,
478282106,4096,
478322108,4096,
478362106,4096,
478402108,4096,
478442106,4096,
478482108,4096,
478522108,4096,
478562108,4096,
478602106,4096,
478642106,4096,
478682108,4096,
478722108,4096,
478762108,4096,
478802108,4096,
478842108,4096,
478882108,4096,
478922107,4096,
478962108,4096,
1216527484,-29443,
479042106,4096,
479082108,4096,
479122107,4096,
479162106,4096,
479202108,4096,
479242106,4096,
479282106,4096,
479322106,4096,
479362106,4096,
479442108,4096,
479482106,4096,
479522106,4096,
479562107,4096,
479602106,4096,
479642108,4096,
479682107,4096,
479722108,4096,
479762108,4096,
479802106,4096,
479842108,4096,
479882106,4096,
479922106,4096,
479962108,4096,
480002108,4096,
480042106,4096,
480082106,4096,
480122108,4096,
480162108,4096,
480202108,4096,
480242108,4096,
480282107,4096,
480362108,4096,
480402106,4096,
480442108,4096,
480482108,4096,
480522106,4096,
480562108,4096,
480602106,4096,
480682108,4096,
480722108,4096,
480762107,4096,
480802106,4096,
480842108,4096,
480882108,4096,
480922106,4096,
480962106,4096,
481002108,4096,
481042108,4096,
481082106,4096,
481122106,4096,
481162108,4096,
481202107,4096,
481242107,4096,
481282106,4096,
481322106,4096,
481362108,4096,
481402106,4096,
481442107,4096,
481482108,4096,
481522108,4096,
481562106,4096,
481602106,4096,
481642106,4096,
481682108,4096,
481722106,4096,
481762106,4096,
481802106,4096,
481842108,4096,
481882106,4096,
481922107,4096,
481962108,4096,
482002107,4096,
482042106,4096,
482082108,4096,
482122106,4096,
482162106,4096,
482202107,4096,
482242106,4096,
482282106,4096,
482322106,4096,
482362108,4096,
482402106,4096,
482442106,4096,
482482108,4096,
482522106,4096,
482562106,4096,
482602106,4096,
482642106,4096,
482682107,4096,
482722107,4096,
482762106,4096,
482802108,4096,
482842106,4096,
482882106,4096,
482922108,4096,
482962107,4096,
483002106,4096,
1938997011,-13661,
483082106,4096,
483122106,4096,
483162108,4096,
483202106,4096,
483242106,4096,
483282106,4096,
483322106,4096,
483362106,4096,
483402106,4096,
483442108,4096,
483482106,4096,
483522108,4096,
483562106,4096,
483602106,4096,
483642108,4096,
483682106,4096,
483722106,4096,
483762107,4096,
483802106,4096,
483842106,4096,
483882106,4096,
483922106,4096,
483962106,4096,
484002108,4096,
484042107,4096,
484082108,4096,
484122106,4096,
484162108,4096,
484202106,4096,
484242108,4096,
484282106,4096,
484322106,4096,
484402106,4096,
484442108,4096,
484482108,4096,
484522106,4096,
484562108,4096,
484602108,4096,
484642108,4096,
484682106,4096,
484722106,4096,
484762106,4096,
484802106,4096,
484842107,4096,
484882108,4096,
484922108,4096,
484962106,4096,
485002106,4096,
485042106,4096,
485082108,4096,
485122108,4096,
485162106,4096,
485202108,4096,
485242108,4096,
485282106,4096,
485322106,4096,
485362106,4096,
485402106,4096,
485442108,4096,
485482108,4096,
485522106,4096,
485562108,4096,
485602106,4096,
485642106,4096,
485682106,4096,
485762106,4096,
485802108,4096,
485842106,4096,
485882108,4096,
485922108,4096,
485962106,4096,
486002106,4096,
486042108,4096,
486082106,4096,
486122108,4096,
486162108,4096,
486202106,4096,
486242106,4096,
486282108,4096,
486322106,4096,
486362108,4096,
486402106,4096,
486442108,4096,
486482108,4096,
486522106,4096,
486562106,4096,
486602106,4096,
486642106,4096,
486682106,4096,
486722106,4096,
486762106,4096,
486802108,4096,
486842106,4096,
486882106,4096,
486922106,4096,
486962106,4096,
487002106,4096,
487042106,4096,
3611147840,2120,
487122108,4096,
487162108,4096,
487202108,4096,
487242108,4096,
487282108,4096,
487322106,4096,
487362108,4096,
487402108,4096,
487442106,4096,
487482107,4096,
487522108,4096,
487562107,4096,
487602106,4096,
487642107,4096,
487682108,4096,
487722106,4096,
487762107,4096,
487802108,4096,
487842108,4096,
487882106,4096,
487922106,4096,
487962106,4096,
488002108,4096,
488042106,4096,
488082106,4096,
488122106,4096,
488162106,4096,
488202108,4096,
488242106,4096,
488282106,4096,
488322108,4096,
488362108,4096,
488402106,4096,
488442106,4096,
488482106,4096,
488522106,4096,
488562108,4096,
488602106,4096,
488642108,4096,
488682108,4096,
488722106,4096,
488762106,4096,
488802106,4096,
488842108,4096,
488882106,4096,
488922106,4096,
488962106,4096,
489002107,4096,
489042108,4096,
489082106,4096,
489122107,4096,
489162108,4096,
489202108,4096,
489242108,4096,
489282107,4096,
489322106,4096,
489362106,4096,
489402106,4096,
489442106,4096,
489482106,4096,
489522106,4096,
489562108,4096,
489602107,4096,
489642108,4096,
489682108,4096,
489722108,4096,
489762106,4096,
489802108,4096,
489842107,4096,
489882108,4096,
489922106,4096,
490002107,4096,
490042108,4096,
490082106,4096,
490122108,4096,
490162108,4096,
490202107,4096,
490242107,4096,
490282108,4096,
490322108,4096,
490362106,4096,
490402108,4096,
490442107,4096,
490482106,4096,
490522108,4096,
490562108,4096,
490602108,4096,
490642108,4096,
490682108,4096,
490722106,4096,
490762106,4096,
490802108,4096,
490842108,4096,
490882108,4096,
490922106,4096,
490962106,4096,
491002108,4096,
491042108,4096,
491082106,4096,
491162108,4096,
491202106,4096,
491242108,4096,
491282108,4096,
491322106,4096,
491362108,4096,
491402106,4096,
491442108,4096,
491482108,4096,
491522106,4096,
491562106,4096,
491602107,4096,
491642106,4096,
491682106,4096,
491722106,4096,
491762106,4096,
491802106,4096,
491842106,4096,
491882106,4096,
491922106,4096,
491962108,4096,
492002108,4096,
492042108,4096,
492082108,4096,
492122106,4096,
492162108,4096,
492202108,4096,
492242108,4096,
492282106,4096,
492322108,4096,
492362107,4096,
492402106,4096,
492442106,4096,
492522108,4096,
492562106,4096,
492602107,4096,
492642108,4096,
492682106,4096,
492722108,4096,
492802106,4096,
492842106,4096,
492882108,4096,
492922108,4096,
492962106,4096,
493002107,4096,
493042107,4096,
493082106,4096,
493122108,4096,
493162108,4096,
493202108,4096,
493242108,4096,
493282107,4096,
493322108,4096,
493362106,4096,
493402106,4096,
493442108,4096,
493482108,4096,
493522108,4096,
493562106,4096,
493602106,4096,
493642106,4096,
493682108,4096,
493722108,4096,
493762106,4096,
493802106,4096,
493842106,4096,
493882106,4096,
493922108,4096,
493962108,4096,
494002106,4096,
494082107,4096,
494122108,4096,
494162106,4096,
494242108,4096,
494282106,4096,
494322106,4096,
494362106,4096,
494402106,4096,
494442107,4096,
494482108,4096,
494522107,4096,
494562108,4096,
494602107,4096,
494642106,4096,
494682106,4096,
494722106,4096,
494762108,4096,
494802107,4096,
494842106,4096,
494882106,4096,
494922106,4096,
494962108,4096,
495002106,4096,
495042106,4096,
495082106,4096,
495122108,4096,
844152493,-31854,
495202106,4096,
495242107,4096,
495282108,4096,
495322106,4096,
495362106,4096,
495402108,4096,
495482106,4096,
495522108,4096,
495562106,4096,
495602108,4096,
495642108,4096,
495682106,4096,
495722108,4096,
495762107,4096,
495802107,4096,
495842106,4096,
495882108,4096,
495922106,4096,
495962106,4096,
496002106,4096,
496042108,4096,
496082107,4096,
496122107,4096,
496162108,4096,
496202107,4096,
496282107,4096,
496322108,4096,
496362107,4096,
496402108,4096,
496442107,4096,
496482108,4096,
496522108,4096,
496562108,4096,
496602108,4096,
496642108,4096,
496682108,4096,
496722108,4096,
496762107,4096,
496802108,4096,
496842107,4096,
496882106,4096,
496922106,4096,
496962106,4096,
497002106,4096,
497042108,4096,
497082108,4096,
497122108,4096,
497162106,4096,
497202108,4096,
497242108,4096,
497282108,4096,
497322108,4096,
497362108,4096,
497402108,4096,
497442106,4096,
497482108,4096,
497522107,4096,
497562108,4096,
497602108,4096,
497642106,4096,
497682108,4096,
497722108,4096,
497762108,4096,
497802107,4096,
497842108,4096,
497882108,4096,
497922107,4096,
498002108,4096,
498042108,4096,
498082106,4096,
498122108,4096,
498162108,4096,
498202106,4096,
498242106,4096,
498282108,4096,
498322108,4096,
498362106,4096,
498402107,4096,
498442108,4096,
498482108,4096,
498522106,4096,
498562106,4096,
498602107,4096,
498642108,4096,
498682108,4096,
498722108,4096,
498762106,4096,
498802106,4096,
498842106,4096,
498882107,4096,
498922106,4096,
498962108,4096,
499002108,4096,
499042108,4096,
499082108,4096,
499122106,4096,
499162108,4096,
4060233239,-16072,
499242108,4096,
499282106,4096,
499322107,4096,
499362106,4096,
499402108,4096,
499442106,4096,
499482108,4096,
499522106,4096,
499562107,4096,
499602106,4096,
499642108,4096,
499682106,4096,
499722106,4096,
499762106,4096,
499802108,4096,
499842106,4096,
499882106,4096,
499922108,4096,
499962106,4096,
500002106,4096,
500042106,4096,
500082106,4096,
500122108,4096,
500162106,4096,
500202106,4096,
500242108,4096,
500282106,4096,
500322108,4096,
500362106,4096,
500402108,4096,
500442106,4096,
500482107,4096,
500522106,4096,
500562108,4096,
500602108,4096,
500642106,4096,
500682108,4096,
500722106,4096,
500762106,4096,
500802108,4096,
500842108,4096,
500882106,4096,
500922108,4096,
500962106,4096,
501002108,4096,
501042106,4096,
501082107,4096,
501122108,4096,
501162108,4096,
501202108,4096,
501242107,4096,
501282108,4096,
501322106,4096,
501362107,4096,
501402108,4096,
501442106,4096,
501482108,4096,
501522108,4096,
501562108,4096,
501602108,4096,
501642106,4096,
501682106,4096,
501722108,4096,
501762106,4096,
501802106,4096,
501842108,4096,
501882106,4096,
501922107,4096,
501962107,4096,
502002108,4096,
502042106,4096,
502082106,4096,
502122106,4096,
502162106,4096,
502202107,4096,
502242108,4096,
502282108,4096,
502322108,4096,
502362106,4096,
502402108,4096,
502442108,4096,
502482106,4096,
502522106,4096,
502562107,4096,
502602108,4096,
502642108,4096,
502682108,4096,
502722106,4096,
502762106,4096,
502802108,4096,
502842108,4096,
502882106,4096,
502922108,4096,
502962108,4096,
503002108,4096,
503042108,4096,
503082108,4096,
503122107,4096,
503162106,4096,
503202106,4096,
503242108,4096,
2118434281,-135,
503322106,4096,
503362106,4096,
503402108,4096,
503442106,4096,
503482108,4096,
503522106,4096,
503562106,4096,
503602106,4096,
503642108,4096,
503682106,4096,
503722106,4096,
503762108,4096,
503802106,4096,
503842106,4096,
503882106,4096,
503922106,4096,
503962106,4096,
504002108,4096,
504042106,4096,
504082107,4096,
504122108,4096,
504162107,4096,
504202106,4096,
504242106,4096,
504282108,4096,
504322107,4096,
504362106,4096,
504402107,4096,
504442108,4096,
504482108,4096,
504522107,4096,
504562108,4096,
504602108,4096,
504642108,4096,
504682106,4096,
504722106,4096,
504762107,4096,
504802106,4096,
504842107,4096,
504882106,4096,
504922106,4096,
504962108,4096,
505002106,4096,
505042106,4096,
505082106,4096,
505122108,4096,
505162108,4096,
505202107,4096,
505242108,4096,
505282107,4096,
505322108,4096,
505362106,4096,
505402108,4096,
505442106,4096,
505482106,4096,
505522106,4096,
505562108,4096,
505602106,4096,
505642107,4096,
505682107,4096,
505722108,4096,
505762108,4096,
505802108,4096,
505842106,4096,
505882108,4096,
505922107,4096,
505962107,4096,
506002106,4096,
506042106,4096,
506082107,4096,
506122108,4096,
506162108,4096,
506202106,4096,
506242106,4096,
506282108,4096,
506322106,4096,
506362106,4096,
506402106,4096,
506442108,4096,
506482108,4096,
506522108,4096,
506562106,4096,
506602108,4096,
506642106,4096,
506682106,4096,
506722106,4096,
506762108,4096,
506802106,4096,
506842106,4096,
506882106,4096,
506922106,4096,
506962108,4096,
507002108,4096,
507042107,4096,
507082106,4096,
507122106,4096,
507162108,4096,
507202107,4096,
507242108,4096,
507282106,4096,
1648803602,15803,
507322108,4096,
507402106,4096,
507442106,4096,
507482107,4096,
507522106,4096,
507562106,4096,
507602108,4096,
507642108,4096,
507682106,4096,
507722106,4096,
507762106,4096,
507802108,4096,
507842106,4096,
507882106,4096,
507922106,4096,
507962108,4096,
508002108,4096,
508042106,4096,
508082106,4096,
508122108,4096,
508162108,4096,
508202106,4096,
508242106,4096,
508282106,4096,
508322106,4096,
508362106,4096,
508402106,4096,
508442106,4096,
508482108,4096,
508522108,4096,
508562108,4096,
508602108,4096,
508642106,4096,
508682106,4096,
508722106,4096,
508762106,4096,
508802106,4096,
508842106,4096,
508882106,4096,
508922108,4096,
508962106,4096,
509002108,4096,
509042108,4096,
509082108,4096,
509122106,4096,
509162106,4096,
509202108,4096,
509242106,4096,
509282106,4096,
509322108,4096,
509362108,4096,
509402108,4096,
509442106,4096,
509482108,4096,
509522106,4096,
509562108,4096,
509602108,4096,
509642106,4096,
509682108,4096,
509722108,4096,
509802108,4096,
509842108,4096,
509882108,4096,
509922106,4096,
509962106,4096,
510002108,4096,
510042106,4096,
510082108,4096,
510122106,4096,
510162106,4096,
510202106,4096,
510242106,4096,
510282106,4096,
510322106,4096,
510362107,4096,
510402108,4096,
510442106,4096,
510482107,4096,
510522106,4096,
510562108,4096,
510602108,4096,
510642107,4096,
510682106,4096,
510722108,4096,
510762106,4096,
510802106,4096,
510842106,4096,
510882106,4096,
510922106,4096,
510962107,4096,
511002106,4096,
511042108,4096,
511082106,4096,
511122106,4096,
511162108,4096,
511202107,4096,
511242108,4096,
511282108,4096,
511322108,4096,
511362106,4096,
812695310,31740,
511402108,4096,
511482106,4096,
511522108,4096,
511562108,4096,
511602106,4096,
511642106,4096,
511682106,4096,
511722106,4096,
511762106,4096,
511802108,4096,
511842106,4096,
511882106,4096,
511922106,4096,
511962106,4096,
512002106,4096,
512042106,4096,
512082106,4096,
512122108,4096,
512162106,4096,
512202106,4096,
512242106,4096,
512282106,4096,
512362106,4096,
512402108,4096,
512442108,4096,
512482106,4096,
512522108,4096,
512562106,4096,
512602108,4096,
512642106,4096,
512682106,4096,
512722106,4096,
512762108,4096,
512802106,4096,
512842108,4096,
512882108,4096,
512922107,4096,
512962108,4096,
513002106,4096,
513042106,4096,
513082106,4096,
513122108,4096,
513162107,4096,
513202107,4096,
513242106,4096,
513282108,4096,
513322107,4096,
513362107,4096,
513402106,4096,
513482106,4096,
513522108,4096,
513562106,4096,
513602106,4096,
513642107,4096,
513682106,4096,
513762108,4096,
513802107,4096,
513842106,4096,
513882106,4096,
513922108,4096,
513962106,4096,
514002106,4096,
514042106,4096,
514082108,4096,
514122106,4096,
514162106,4096,
514202106,4096,
514242106,4096,
514282106,4096,
514322106,4096,
514362107,4096,
514402106,4096,
514442106,4096,
514482106,4096,
514522108,4096,
514562108,4096,
514602107,4096,
514642106,4096,
514682106,4096,
514722106,4096,
514762108,4096,
514802106,4096,
514842106,4096,
514882108,4096,
514962108,4096,
515002108,4096,
515042106,4096,
515082108,4096,
515122108,4096,
515162108,4096,
515202108,4096,
515242106,4096,
515282108,4096,
515322106,4096,
515362106,4096,
515402108,4096,
515442106,4096,
515482108,4096,
1289895381,-17858,
515562106,4096,
515602108,4096,
515642106,4096,
515682106,4096,
515722108,4096,
515762108,4096,
515802108,4096,
515842106,4096,
515882106,4096,
515922108,4096,
515962106,4096,
516002106,4096,
516042108,4096,
516082106,4096,
516122106,4096,
516162106,4096,
516242108,4096,
516282106,4096,
516362106,4096,
516402106,4096,
516442106,4096,
516482106,4096,
516522107,4096,
516562106,4096,
516602106,4096,
516642106,4096,
516682106,4096,
516722106,4096,
516762106,4096,
516802106,4096,
516842106,4096,
516882106,4096,
516922106,4096,
516962106,4096,
517002108,4096,
517042108,4096,
517082106,4096,
517122106,4096,
517162108,4096,
517202108,4096,
517242108,4096,
517282108,4096,
517322106,4096,
517362106,4096,
517402108,4096,
517442106,4096,
517482106,4096,
517522108,4096,
517562107,4096,
517602108,4096,
517642108,4096,
517682108,4096,
517722106,4096,
517762106,4096,
517802106,4096,
517842107,4096,
517882107,4096,
517922107,4096,
517962108,4096,
518002108,4096,
518042108,4096,
518082108,4096,
518122108,4096,
518162108,4096,
518202106,4096,
518282106,4096,
518322108,4096,
518362106,4096,
518402106,4096,
518442106,4096,
518482106,4096,
518522106,4096,
518562106,4096,
518602108,4096,
518642106,4096,
518682108,4096,
518722108,4096,
518762108,4096,
518802106,4096,
518842108,4096,
518882106,4096,
518922108,4096,
518962106,4096,
519002106,4096,
519042108,4096,
519082106,4096,
519122106,4096,
519162106,4096,
519202108,4096,
519242108,4096,
519282108,4096,
519322108,4096,
519362108,4096,
519402108,4096,
519442108,4096,
519482106,4096,
519522106,4096,
643546503,-1921,
519562108,4096,
519642108,4096,
519682108,4096,
519722106,4096,
519762108,4096,
519802106,4096,
519842106,4096,
519882108,4096,
519922106,4096,
519962108,4096,
520002108,4096,
520042106,4096,
520082106,4096,
520122107,4096,
520162107,4096,
520202106,4096,
520242106,4096,
520282106,4096,
520322106,4096,
520362106,4096,
520402106,4096,
520442106,4096,
520482108,4096,
520522106,4096,
520562108,4096,
520602106,4096,
520642107,4096,
520682106,4096,
520722106,4096,
520762108,4096,
520802108,4096,
520842108,4096,
520882106,4096,
520922108,4096,
520962108,4096,
521002108,4096,
521042108,4096,
521082108,4096,
521122106,4096,
521162107,4096,
521202106,4096,
521242108,4096,
521282108,4096,
521322107,4096,
521362108,4096,
521402107,4096,
521442108,4096,
521482108,4096,
521522106,4096,
521562108,4096,
521602106,4096,
521642108,4096,
521682106,4096,
521722106,4096,
521762108,4096,
521802106,4096,
521842107,4096,
521882108,4096,
521922106,4096,
521962108,4096,
522002106,4096,
522042108,4096,
522082108,4096,
522122106,4096,
522162107,4096,
522202106,4096,
522242106,4096,
522282106,4096,
522322106,4096,
522362106,4096,
522402106,4096,
522442106,4096,
522482108,4096,
522522106,4096,
522562108,4096,
522602106,4096,
522642108,4096,
522682108,4096,
522722106,4096,
522762106,4096,
522802106,4096,
522842108,4096,
522882106,4096,
522922108,4096,
522962108,4096,
523002108,4096,
523042108,4096,
523082108,4096,
523122108,4096,
523162108,4096,
523202107,4096,
523242108,4096,
523282108,4096,
523322108,4096,
523362106,4096,
523402108,4096,
523442106,4096,
523482106,4096,
523522106,4096,
523562108,4096,
523602108,4096,
523642106,4096,
4065836300,14017,
523722108,4096,
523762107,4096,
523802108,4096,
523842108,4096,
523882107,4096,
523922106,4096,
523962106,4096,
524002106,4096,
524042107,4096,
524082108,4096,
524122107,4096,
524162106,4096,
524202106,4096,
524242108,4096,
524282108,4096,
524322106,4096,
524362107,4096,
524402108,4096,
524442106,4096,
524482106,4096,
524522106,4096,
524562108,4096,
524602106,4096,
524642108,4096,
524682106,4096,
524722106,4096,
524762108,4096,
524802108,4096,
524842108,4096,
524882108,4096,
524922107,4096,
524962106,4096,
525002106,4096,
525042107,4096,
525082108,4096,
525122106,4096,
525162108,4096,
525202107,4096,
525242108,4096,
525282106,4096,
525322106,4096,
525362108,4096,
525402108,4096,
525442108,4096,
525482106,4096,
525522106,4096,
525562106,4096,
525602108,4096,
525642108,4096,
525682106,4096,
525722106,4096,
525762106,4096,
525802106,4096,
525842108,4096,
525882106,4096,
525922106,4096,
525962106,4096,
526002106,4096,
526042107,4096,
526082108,4096,
526122108,4096,
526162108,4096,
526202108,4096,
526242108,4096,
526282108,4096,
526322106,4096,
526362108,4096,
526402106,4096,
526442106,4096,
526482108,4096,
526522106,4096,
526562106,4096,
526602108,4096,
526642108,4096,
526682108,4096,
526722107,4096,
526802106,4096,
526842106,4096,
526882108,4096,
526922108,4096,
526962106,4096,
527002106,4096,
527042106,4096,
527082106,4096,
527122106,4096,
527162106,4096,
527202106,4096,
527242108,4096,
527282106,4096,
527322108,4096,
527362108,4096,
527402108,4096,
527442106,4096,
527482108,4096,
527522108,4096,
527562108,4096,
527602108,4096,
527642107,4096,
527682106,4096,
527722106,4096,
2357247241,29954,
527802108,4096,
527842106,4096,
527882107,4096,
527922106,4096,
527962106,4096,
528002106,4096,
528042108,4096,
528082107,4096,
528122108,4096,
528162106,4096,
528202108,4096,
528242106,4096,
528282108,4096,
528322106,4096,
528362107,4096,
528402106,4096,
528442106,4096,
528482106,4096,
528522106,4096,
528562106,4096,
528602106,4096,
528642107,4096,
528682107,4096,
528722108,4096,
528762108,4096,
528802106,4096,
528842108,4096,
528882108,4096,
528922106,4096,
528962106,4096,
529002108,4096,
529042108,4096,
529082106,4096,
529122108,4096,
529162108,4096,
529202106,4096,
529242106,4096,
529282108,4096,
529322108,4096,
529362107,4096,
529402106,4096,
529442106,4096,
529482108,4096,
529522108,4096,
529562108,4096,
529602106,4096,
529642106,4096,
529682108,4096,
529722108,4096,
529762106,4096,
529802106,4096,
529842106,4096,
529882106,4096,
529922108,4096,
529962108,4096,
530002106,4096,
530042107,4096,
530082107,4096,
530122106,4096,
530162106,4096,
530202108,4096,
530242106,4096,
530282107,4096,
530322106,4096,
530362106,4096,
530402108,4096,
530482107,4096,
530522108,4096,
530562108,4096,
530602107,4096,
530642108,4096,
530682108,4096,
530762108,4096,
530802108,4096,
530842108,4096,
530882108,4096,
530922108,4096,
530962108,4096,
531002108,4096,
531042106,4096,
531082107,4096,
531122108,4096,
531162108,4096,
531202106,4096,
531242106,4096,
531282108,4096,
531322108,4096,
531362107,4096,
531402108,4096,
531442108,4096,
531482108,4096,
531522106,4096,
531562106,4096,
531602108,4096,
531642107,4096,
531682108,4096,
531722106,4096,
531762106,4096,
531802106,4096,
605863173,-19644,
531882106,4096,
531922108,4096,
531962108,4096,
532002108,4096,
532042108,4096,
532082107,4096,
532122108,4096,
532162106,4096,
532202108,4096,
532242106,4096,
532282106,4096,
532322106,4096,
532362108,4096,
532402106,4096,
532442108,4096,
532482106,4096,
532522108,4096,
532562108,4096,
532602106,4096,
532642107,4096,
532682106,4096,
532722106,4096,
532762106,4096,
532802108,4096,
532842108,4096,
532882106,4096,
532922107,4096,
532962106,4096,
533002108,4096,
533042106,4096,
533082108,4096,
533122108,4096,
533162106,4096,
533202108,4096,
533242106,4096,
533282106,4096,
533322106,4096,
533362108,4096,
533402106,4096,
533442106,4096,
533482107,4096,
533522106,4096,
533562108,4096,
533602108,4096,
533642106,4096,
533682108,4096,
533722107,4096,
533762108,4096,
533802108,4096,
533842107,4096,
533882108,4096,
533922108,4096,
533962107,4096,
534002106,4096,
534042107,4096,
534082106,4096,
534122108,4096,
534162106,4096,
534202106,4096,
534242108,4096,
534282107,4096,
534322108,4096,
534362108,4096,
534402107,4096,
534442108,4096,
534482108,4096,
534522108,4096,
534562108,4096,
534602106,4096,
534642108,4096,
534682106,4096,
534722106,4096,
534762108,4096,
534802108,4096,
534842107,4096,
534882108,4096,
534922108,4096,
534962108,4096,
535002106,4096,
535042108,4096,
535082106,4096,
535122106,4096,
535162108,4096,
535202108,4096,
535242107,4096,
535282108,4096,
535322108,4096,
535362107,4096,
535402106,4096,
535442107,4096,
535482108,4096,
535522108,4096,
535562108,4096,
535602106,4096,
535642107,4096,
535682108,4096,
535722106,4096,
535762107,4096,
535802106,4096,
535842106,4096,
535882106,4096,
3230317826,-3707,
535962108,4096,
536002108,4096,
536042106,4096,
536082108,4096,
536122108,4096,
536162106,4096,
536202108,4096,
536242106,4096,
536282106,4096,
536322108,4096,
536362106,4096,
536402106,4096,
536442107,4096,
536522106,4096,
536562108,4096,
536602108,4096,
536642108,4096,
536682108,4096,
536722106,4096,
536762107,4096,
536802106,4096,
536842108,4096,
536882106,4096,
536922106,4096,
536962108,4096,
537002107,4096,
537042106,4096,
537082107,4096,
537122108,4096,
537162108,4096,
537202108,4096,
537242106,4096,
537282108,4096,
537322106,4096,
537362108,4096,
537402107,4096,
537442108,4096,
537482106,4096,
537522106,4096,
537562106,4096,
537602108,4096,
537642107,4096,
537682106,4096,
537722108,4096,
537762107,4096,
537802106,4096,
537842106,4096,
537882106,4096,
537922108,4096,
537962106,4096,
538002108,4096,
538042107,4096,
538082107,4096,
538122106,4096,
538162106,4096,
538202106,4096,
538242108,4096,
538282107,4096,
538322106,4096,
538362107,4096,
538402108,4096,
538442108,4096,
538482108,4096,
538522108,4096,
538562108,4096,
538602108,4096,
538642108,4096,
538682108,4096,
538722108,4096,
538762108,4096,
538802108,4096,
538842106,4096,
538882108,4096,
538922108,4096,
538962106,4096,
539002106,4096,
539042108,4096,
539082108,4096,
539122108,4096,
539162106,4096,
539202106,4096,
539242107,4096,
539282108,4096,
539322107,4096,
539362108,4096,
539402108,4096,
539442106,4096,
539482106,4096,
539522108,4096,
539562106,4096,
539602106,4096,
539642106,4096,
539682108,4096,
539722106,4096,
539762108,4096,
539802106,4096,
539842107,4096,
539882106,4096,
539922106,4096,
539962107,4096,
1828306175,12231,
540042106,4096,
540082107,4096,
540122106,4096,
540162108,4096,
540202108,4096,
540242108,4096,
540282108,4096,
540322106,4096,
540362106,4096,
540402108,4096,
540442108,4096,
540482106,4096,
540522108,4096,
540562108,4096,
540602106,4096,
540642106,4096,
540682108,4096,
540722106,4096,
540762106,4096,
540802108,4096,
540842107,4096,
540882106,4096,
540922108,4096,
540962106,4096,
541002107,4096,
541042108,4096,
541082108,4096,
541122108,4096,
541162107,4096,
541202108,4096,
541242106,4096,
541282107,4096,
541322108,4096,
541362108,4096,
541402108,4096,
541442108,4096,
541482106,4096,
541522107,4096,
541562106,4096,
541602108,4096,
541642106,4096,
541682108,4096,
541722107,4096,
541762106,4096,
541802106,4096,
541842106,4096,
541882108,4096,
541922106,4096,
541962108,4096,
542002107,4096,
542042107,4096,
542082106,4096,
542122106,4096,
542162108,4096,
542202106,4096,
542242106,4096,
542282106,4096,
542322108,4096,
542362106,4096,
542402106,4096,
542442106,4096,
542482108,4096,
542522108,4096,
542562106,4096,
542602107,4096,
542642108,4096,
542682108,4096,
542722108,4096,
542762108,4096,
542802106,4096,
542842107,4096,
542882108,4096,
542922106,4096,
542962108,4096,
543002107,4096,
543042108,4096,
543082108,4096,
543122106,4096,
543162107,4096,
543202108,4096,
543242108,4096,
543282106,4096,
543322108,4096,
543362108,4096,
543402108,4096,
543442108,4096,
543482106,4096,
543522108,4096,
543562106,4096,
543602106,4096,
543642107,4096,
543682106,4096,
543722106,4096,
543762107,4096,
543802106,4096,
543842108,4096,
543882107,4096,
543922108,4096,
543962106,4096,
544002107,4096,
544042108,4096,
1051727889,4384,
544122106,4096,
544162106,4096,
544202107,4096,
544242106,4096,
544282108,4096,
544322106,4096,
544362108,4096,
544402106,4096,
544442106,4096,
544482108,4096,
544522106,4096,
544562108,4096,
544602107,4096,
544642108,4096,
544682108,4096,
544722108,4096,
544762106,4096,
544802106,4096,
544842108,4096,
544882106,4096,
544922108,4096,
544962108,4096,
545002106,4096,
545042106,4096,
545082108,4096,
545122108,4096,
545162106,4096,
545202106,4096,
545242108,4096,
545282106,4096,
545322107,4096,
545362106,4096,
545402108,4096,
545442107,4096,
545482107,4096,
545522108,4096,
545562108,4096,
545602106,4096,
545642107,4096,
545682108,4096,
545722108,4096,
545762107,4096,
545802106,4096,
545842108,4096,
545882108,4096,
545922106,4096,
545962107,4096,
546002108,4096,
546042106,4096,
546082106,4096,
546122108,4096,
546162108,4096,
546202106,4096,
546242107,4096,
546282108,4096,
546322106,4096,
546362108,4096,
546402108,4096,
546442108,4096,
546482108,4096,
546522106,4096,
546562108,4096,
546602106,4096,
546642107,4096,
546682108,4096,
546722108,4096,
546762106,4096,
546802106,4096,
546842108,4096,
546882108,4096,
546922106,4096,
546962107,4096,
547002106,4096,
547042108,4096,
547082106,4096,
547122108,4096,
547162106,4096,
547202108,4096,
547242106,4096,
547282108,4096,
547322108,4096,
547362108,4096,
547402106,4096,
547442106,4096,
547482107,4096,
547522106,4096,
547562108,4096,
547602108,4096,
547642106,4096,
547722108,4096,
547762106,4096,
547802107,4096,
547842108,4096,
547882108,4096,
547922106,4096,
547962107,4096,
548002107,4096,
548042108,4096,
548082106,4096,
3473915125,-21430,
548122108,4096,
548202108,4096,
548242108,4096,
548282106,4096,
548322108,4096,
548362106,4096,
548402108,4096,
548442106,4096,
548482108,4096,
548522106,4096,
548562107,4096,
548602108,4096,
548642108,4096,
548682108,4096,
548722108,4096,
548762107,4096,
548802106,4096,
548842106,4096,
548882106,4096,
548922106,4096,
548962108,4096,
549002108,4096,
549042108,4096,
549082108,4096,
549122106,4096,
549162108,4096,
549202106,4096,
549242107,4096,
549282106,4096,
549322108,4096,
549362106,4096,
549402107,4096,
549442108,4096,
549482108,4096,
549522108,4096,
549562108,4096,
549602106,4096,
549642106,4096,
549682108,4096,
549722108,4096,
549762108,4096,
549802106,4096,
549842108,4096,
549882106,4096,
549922107,4096,
549962106,4096,
550002106,4096,
550042108,4096,
550082108,4096,
550122106,4096,
550162106,4096,
550202106,4096,
550242107,4096,
550282108,4096,
550322106,4096,
550362106,4096,
550402106,4096,
550442106,4096,
550482108,4096,
550522106,4096,
550562108,4096,
550602108,4096,
550642106,4096,
550682107,4096,
550722106,4096,
550762108,4096,
550802108,4096,
550842108,4096,
550882106,4096,
550922108,4096,
550962106,4096,
551002106,4096,
551042108,4096,
551082108,4096,
551122106,4096,
551162108,4096,
551202108,4096,
551242106,4096,
551282106,4096,
551322108,4096,
551362107,4096,
551402106,4096,
551442108,4096,
551482106,4096,
551522108,4096,
551562108,4096,
551602108,4096,
551642108,4096,
551682106,4096,
551722108,4096,
551762106,4096,
551802108,4096,
551842108,4096,
551882108,4096,
551922108,4096,
551962108,4096,
552002106,4096,
552042108,4096,
552082108,4096,
552122108,4096,
552162108,4096,
3169899458,-17346,
552202106,4096,
552282107,4096,
552322107,4096,
552362106,4096,
552402108,4096,
552442106,4096,
552482108,4096,
552522108,4096,
552562106,4096,
552602106,4096,
552642106,4096,
552682107,4096,
552722106,4096,
552762108,4096,
552802106,4096,
552842108,4096,
552882107,4096,
552922106,4096,
552962106,4096,
553002108,4096,
553042107,4096,
553082106,4096,
553122106,4096,
553162108,4096,
553202108,4096,
553242108,4096,
553282108,4096,
553322106,4096,
553362108,4096,
553402108,4096,
553442106,4096,
553482107,4096,
553522108,4096,
553562108,4096,
553602106,4096,
553642106,4096,
553682106,4096,
553722106,4096,
553762108,4096,
553802108,4096,
553842108,4096,
553882108,4096,
553922106,4096,
553962107,4096,
554002107,4096,
554042108,4096,
554082106,4096,
554122108,4096,
554162108,4096,
554202106,4096,
554242108,4096,
554282108,4096,
554322106,4096,
554362108,4096,
554402108,4096,
554442108,4096,
554482108,4096,
554522108,4096,
554562108,4096,
554602107,4096,
554642108,4096,
554682106,4096,
554722108,4096,
554802106,4096,
554842106,4096,
554882108,4096,
554922108,4096,
554962108,4096,
555002106,4096,
555042106,4096,
555082108,4096,
555122106,4096,
555162106,4096,
555202106,4096,
555242108,4096,
555282108,4096,
555322108,4096,
555362107,4096,
555402106,4096,
555442108,4096,
555482106,4096,
555522108,4096,
555562106,4096,
555602107,4096,
555642106,4096,
555682108,4096,
555722108,4096,
555762106,4096,
555802108,4096,
