322261107,45053,
321821106,44524,
322501107,46189,
322301106,45708,
322381107,45604,
322261107,45053,
4187045730,15621,
322381107,45604,
322621107,45069,
2592652699,48875,
321861106,45204,
321781106,46204,
321941106,45092,
322301106,45708,
322341106,45436,
321901106,45973,
2294549565,48317,
322581107,46245,
3587850082,15675,
322341106,45436,
322661106,46189,
120831724,4924,
323181106,45548,
323221107,45148,
323261105,46283,
323301107,45629,
323341106,45293,
323381106,45372,
323421106,45285,
323461107,45341,
323501106,45341,
323541106,45708,
323581107,45196,
323621107,45596,
323661107,45412,
323701107,46108,
323741105,45428,
323781106,45764,
323821107,45708,
323861107,45293,
323901107,45596,
323941106,44445,
323981107,45965,
324021106,45324,
324061105,45980,
324101106,45812,
324141106,44428,
324181105,45677,
324221105,45820,
324261107,46380,
324301106,45092,
324341107,45604,
324381107,45940,
324421106,45868,
324461107,44909,
324501106,45188,
324541107,44924,
324581106,44684,
324621107,45061,
324661107,44524,
324701107,45308,
324741107,45331,
324781107,45644,
324821106,45548,
324861107,45764,
324901107,45828,
324941106,45677,
324981107,44364,
325021106,44845,
325061106,44893,
325101107,45604,
325141107,45644,
325181106,45957,
325221106,45443,
325261106,45341,
325301106,45909,
325341106,44412,
325381106,44837,
325421105,44949,
325461106,44980,
325501107,45476,
325541107,46100,
325581106,45484,
325621106,44532,
325661106,45420,
325701105,45932,
325741106,44316,
325781106,45509,
325821106,44988,
325861107,44260,
325901106,45148,
325981107,46413,
326021107,44372,
326061106,45301,
326101106,45372,
326141107,45716,
326181107,46100,
326221107,46612,
326261107,45940,
326301106,45525,
326341106,44517,
326381107,45828,
326421107,45221,
326461107,45485,
326501107,45637,
326541107,45629,
326581106,46125,
143703370,48874,
326661106,45685,
326701105,45421,
326741107,46332,
326781106,45133,
326821107,45940,
326861107,45604,
326901105,44613,
326941107,46245,
326981107,46085,
327021107,45069,
327061106,44725,
327101105,45797,
327141105,45604,
327181106,45221,
327221106,45965,
327261106,45621,
327301106,44997,
327341105,45869,
327381106,45125,
327421106,45324,
327461106,45029,
327501106,45053,
327541106,44829,
327581107,44813,
327621106,45637,
327661106,44701,
327701107,45613,
327741107,45229,
327781106,45669,
327821106,45421,
327861107,45061,
327901105,44638,
327941105,45645,
327981107,45621,
328021106,44949,
328061107,45765,
328101107,44997,
328141106,45109,
328221106,44820,
328261106,45165,
328301106,45869,
328341107,46037,
328381107,46037,
328421106,45317,
328461106,45117,
328501107,45309,
328541107,44853,
328581107,45493,
328621106,45301,
328661107,45349,
328741107,44774,
328781107,46085,
328821106,45231,
328861105,44895,
328901107,45247,
328941106,44958,
328981105,45255,
329021105,44287,
329061106,44853,
329101106,45854,
329141106,45742,
329181107,46239,
329221105,45959,
329261107,45614,
329301106,45791,
329341106,45893,
329381105,46743,
329421106,44887,
329461106,44463,
329501107,46007,
329541105,45518,
329581105,45223,
329621106,45487,
329661107,45231,
329701105,45703,
329741106,45823,
329781105,45776,
329821106,45519,
329861107,45832,
329901105,46167,
329941105,45224,
329981105,44352,
330061107,45015,
330101106,45256,
330141107,45416,
330181107,45319,
330221106,46071,
330261107,45752,
330301107,45248,
330341106,45448,
330381107,44864,
330421107,45576,
330461106,45360,
330501106,45368,
330541106,45328,
330581107,46088,
330621107,45272,
928136737,48977,
330661107,46887,
330741106,45944,
330781106,45944,
330821106,45560,
330861106,45344,
330901107,45248,
330941106,46135,
330981106,45224,
331021106,44632,
331061106,45991,
331101106,45743,
331141107,45519,
331181107,45248,
331221105,45599,
331261106,45983,
331301107,45207,
331341107,45343,
331381107,45151,
331421106,45071,
331501106,45703,
331541107,45255,
331581106,44663,
331621106,45248,
331661106,45472,
331701105,45071,
331741107,46056,
331781107,45399,
331821107,45127,
331861107,45272,
331901106,45576,
331941107,45056,
331981107,44927,
332021106,45416,
332061107,45552,
332101107,46615,
332141107,45272,
332181106,44640,
332221105,45024,
332261106,45424,
332301107,46816,
332341107,45567,
332381106,45368,
332421107,45192,
332461107,44992,
332501107,45343,
332541107,46175,
332581107,44760,
332621106,45032,
332701105,45855,
332741107,45784,
332781107,45432,
332821107,45000,
332861107,46511,
332901106,45552,
332941106,46015,
332981106,45288,
333021105,45016,
333061105,46648,
333101106,44896,
333141106,45008,
333181106,45008,
333221107,45024,
333261106,45216,
333301107,45744,
333341106,45288,
333381106,45865,
333421107,45473,
333461107,46007,
333501107,45488,
333541105,45520,
333581105,45520,
333621107,45473,
333661107,45568,
333701106,45464,
333741107,45448,
333781106,45896,
333821107,45680,
333861106,45209,
333901107,45753,
333941107,45848,
333981107,45872,
334021107,46025,
334061107,46680,
334101107,45801,
334141107,45489,
334181107,46001,
334221106,45736,
334261106,44698,
334301107,45889,
334341106,46400,
334381106,45697,
334421107,46913,
334461107,45521,
334501107,46585,
334541106,45937,
334581106,45553,
334621106,45353,
334661106,45288,
334701107,44993,
334741107,46064,
3208897482,23218,
334821106,45984,
334861106,44832,
334901107,45344,
334941105,45624,
334981107,45984,
335021107,45888,
335061107,45128,
335101106,45336,
335141106,44888,
335181105,45361,
335221106,46008,
335261107,45928,
335301105,45112,
335341106,45592,
335381105,46128,
335421106,44865,
335461106,45185,
335501106,45728,
335541105,45521,
335581106,46329,
335621106,46329,
335661106,44952,
335701107,44530,
335741107,45385,
335781107,45633,
335821107,44961,
335861106,45377,
335901107,45025,
335941106,45601,
335981107,45929,
336021107,45601,
336061106,45224,
336101107,45840,
336141106,45601,
336181107,46137,
336221106,45761,
336261107,45081,
336301107,45473,
336341106,46113,
336381107,46288,
336421107,45113,
336461106,45570,
336501107,45817,
336541106,46064,
336581107,45761,
336621105,45433,
336661107,45784,
336701106,44969,
336741106,46369,
336781106,45049,
336821106,45361,
336861106,45105,
336901106,44769,
336941107,44937,
336981107,44817,
337021106,45921,
337061106,45256,
337101107,45993,
337141106,45049,
337181106,45417,
337221106,45993,
337261107,45336,
337301106,45913,
337341105,45249,
337381105,45193,
337421106,45241,
337461105,45377,
337501106,45601,
337541105,46161,
337581105,45657,
337621107,46081,
337661106,46520,
337701106,45585,
337741107,46041,
337781107,45745,
337821106,45929,
337861107,45545,
337901107,45473,
337941106,45929,
337981107,45217,
338021107,45217,
338061106,44913,
338101106,44881,
338141106,44609,
338181107,44906,
338221106,45769,
338261107,45178,
338301107,45249,
338341106,45209,
338381107,45321,
338421106,45728,
338461107,45840,
338501106,45649,
338541107,45139,
338581107,45890,
338621105,45563,
338661106,44938,
338701106,45778,
338741106,45993,
338781105,45386,
338821106,45283,
3794583020,48959,
338901107,45578,
338941106,45330,
338981107,45545,
339021107,45946,
339061106,46338,
339101107,44786,
339141107,46161,
339181107,46018,
339221106,44474,
339261106,45041,
339301105,45713,
339341106,45985,
339381107,45858,
339421107,45881,
339461106,45386,
339501105,44906,
339541107,46225,
339581105,45481,
339621106,45858,
339661105,45425,
339701106,44842,
339741106,45402,
339781107,45738,
339821107,45514,
339861106,45425,
339901106,44842,
339941106,45392,
339981107,46185,
340021107,45601,
340061106,45545,
340101107,45458,
340141107,44777,
340181106,45419,
340221106,45705,
340261107,45914,
340301107,44553,
340341106,44642,
340381106,45560,
340421106,45802,
340461106,45802,
340501107,45657,
340541107,44850,
340581107,45448,
340621107,44978,
340661107,45139,
340701107,45234,
340741107,45962,
340781106,45354,
340821106,45227,
340861106,45570,
340901107,45242,
340941106,44570,
340981106,46161,
341021107,45666,
341061107,44906,
341101107,45762,
341141106,45330,
341181105,46081,
341221106,46154,
341261107,45731,
341301105,45369,
341341106,44985,
341381106,45386,
341421107,45186,
341461106,45626,
341501106,46114,
341541106,45746,
341581106,45386,
341621105,45379,
341661105,44691,
341701105,44985,
341741107,45563,
341781106,45483,
341821106,46011,
341861105,45795,
341901106,46675,
341941107,45427,
341981106,44996,
342021106,45251,
342061106,45771,
342101107,46075,
342141107,45467,
342181105,45859,
342221107,45579,
342301107,45515,
342341106,46451,
342381106,44851,
342421106,45164,
342461106,44604,
342501106,44571,
342541105,46004,
342581107,46004,
342621107,45187,
342661107,46243,
342701105,45643,
342741106,46019,
342781106,45411,
342821107,46195,
342861106,45274,
3809787556,48929,
342901105,45274,
342981107,45315,
343021107,44859,
343061106,45899,
343101106,45274,
343141107,45003,
343181106,46067,
343221106,45778,
343261107,45899,
343301107,45858,
343341105,45537,
343381106,45195,
343421105,44595,
343461106,45554,
343501107,45386,
343541106,45395,
343581106,45587,
343621107,45298,
343661106,45339,
343701106,45554,
343741106,46098,
343781105,44243,
343821106,45483,
343861106,45955,
343901107,45666,
343941107,45442,
343981107,45162,
344021106,45011,
344061106,44811,
344101106,45386,
344141106,45675,
344181106,45395,
344221107,45187,
344261106,45203,
344301106,45203,
344341107,45571,
344381106,45347,
344421106,45411,
344461106,45035,
344501106,45427,
344541106,44923,
344581107,46011,
344661106,45539,
344701107,45659,
344741105,45818,
344781105,46195,
344821106,45619,
344861106,45771,
344901106,46154,
344941107,45251,
344981107,45739,
345021105,46938,
345061105,44947,
345101106,45867,
345141107,45515,
345181106,45635,
345221106,45019,
345261105,46284,
345301106,46284,
345341105,45428,
345381105,46116,
345421106,45467,
345461107,45628,
345501106,44836,
345541107,44859,
345581105,45868,
345621106,45419,
345661106,44948,
345701107,45859,
345741106,44812,
345821107,46340,
345861107,46155,
345901106,45204,
345941105,45292,
345981106,46044,
346021106,45492,
346061107,45484,
346101107,45916,
346141107,45324,
346181106,46427,
346221105,45395,
346261105,45109,
346301105,45227,
346341106,45124,
346381106,46683,
346421106,46075,
346461106,44724,
346501107,44388,
346541106,45668,
346581105,45203,
346621105,45187,
346661106,44803,
346701107,46499,
346741106,46228,
346781105,45419,
346821106,45556,
346861106,46587,
346901106,45355,
346941105,46291,
346981105,44980,
2510896640,48959,
347061105,45684,
347101106,46467,
347141107,45619,
347181107,44971,
347221107,46235,
347261107,45780,
347301107,45507,
347341107,45019,
347381107,45363,
347421107,45276,
347461106,44987,
347501107,46284,
347541107,45603,
347581107,45851,
347621106,45691,
347661106,45403,
347701106,44532,
347741105,44532,
347781106,46067,
347821106,45339,
347861105,45763,
347901106,45348,
347941106,45524,
347981106,44612,
348021107,45516,
348061107,45148,
348101107,45964,
348141107,45908,
348181107,44860,
348221107,45388,
348261107,45332,
348301107,44532,
348341106,44692,
348381107,44564,
348421107,46620,
348461106,45964,
348501106,45940,
348541106,45308,
348581107,46435,
348621107,45636,
348661106,44645,
348701106,46276,
348741106,44972,
348781107,45924,
348821106,45205,
348861105,45845,
348901106,46292,
348941107,45763,
348981107,46012,
349021107,45588,
349061106,46028,
349101107,46259,
349141107,45636,
349181107,45389,
349221107,45620,
349261107,45300,
349301107,45653,
349341106,44885,
349381107,45229,
349421106,45916,
349461106,45764,
349501107,46125,
349541106,45253,
349581106,44358,
349621107,46125,
349661105,46037,
349701106,44702,
349741107,46116,
349781107,45685,
349821107,44949,
349861107,46405,
349901107,46253,
349941106,45805,
349981106,45469,
350021106,45590,
350061107,44974,
350101107,45157,
350141107,45157,
350181106,45310,
350221106,45181,
350261107,45278,
350301107,45198,
350341107,45822,
350381107,46133,
350421106,45637,
350461106,45534,
350501105,45381,
350541106,45590,
350581106,44814,
350621106,46229,
350661107,45493,
350701106,45870,
350741106,44614,
350781107,45374,
350821105,45407,
350861107,44991,
350901106,45502,
350941105,45901,
350981106,44582,
351021106,45166,
121748965,48830,
351061106,44926,
351141107,45071,
351181106,45542,
351221106,44758,
351261105,45232,
351301106,46143,
351341107,45374,
351381105,44920,
351421106,45855,
351461106,45663,
351501105,45559,
351541106,46759,
351581106,45255,
351621106,45288,
351661106,45775,
351741106,45950,
351781106,45032,
351821106,46056,
351861106,45719,
351901106,44512,
351941106,44992,
351981106,45431,
352021107,44848,
352061107,45048,
352101105,45647,
352141106,45575,
352181106,45040,
352261107,45151,
352301106,44601,
352341106,44472,
352381105,46016,
352421105,46128,
352461106,45311,
352501107,46215,
352541107,45608,
352581106,45608,
352621106,45440,
352661107,45583,
352701106,45328,
352741106,45120,
352781107,45840,
352821107,45496,
352861106,45400,
352901107,45312,
352941106,45520,
352981107,45200,
353021106,45543,
353061107,45200,
353101105,45648,
353141106,45097,
353181107,46072,
353221107,45136,
353261106,45112,
353301105,45688,
353341106,44976,
353381106,46072,
353421107,45937,
353461106,45049,
353501105,45601,
353541106,45769,
353581106,45489,
353621106,45624,
353661106,45224,
353701105,45960,
353741106,46016,
353781106,45897,
353821107,45584,
353861105,45297,
353901106,45448,
353941106,46016,
353981107,45297,
354021106,45688,
354061106,45833,
354101107,45281,
354141105,45273,
354181107,46008,
354221105,45073,
354261107,44913,
354301107,45129,
354341105,45473,
354381107,45176,
354421106,45120,
354461105,46312,
354501106,45456,
354541107,45609,
354581106,45937,
354621107,45848,
354661107,44857,
354701107,44873,
354741106,46680,
354781106,45385,
354821105,44528,
354861107,45192,
354901106,45807,
354941106,44593,
354981107,45655,
355021107,45655,
355061107,46000,
355101107,45727,
355141106,45192,
1459994086,48830,
355221107,46230,
355261107,46016,
355301105,45647,
355341106,45727,
355381107,46016,
355421107,45464,
355461107,45207,
355541106,45775,
355581106,44769,
355621107,45088,
355661106,45143,
355701107,45344,
355741106,45335,
355781106,45135,
355821106,45727,
355861106,44775,
355901107,45279,
355941106,45527,
355981107,44984,
356021106,45359,
356061107,45117,
356101106,46806,
356141106,45542,
356181106,45415,
356221106,46125,
356261107,45383,
356301106,45229,
356341106,46046,
356381106,46038,
356421105,45486,
356461106,45799,
356501107,45710,
356541107,46094,
356581106,44847,
356621105,45327,
356661107,45870,
356701106,45383,
356741106,44837,
356781106,45215,
356821106,45005,
356861106,45391,
356901106,45982,
356941106,44334,
356981105,45391,
357021107,44974,
357061107,45621,
357101106,46157,
357141106,45135,
357181106,45407,
357221107,45288,
357261106,45030,
357301106,45743,
357341106,45278,
357381106,46629,
357421107,46629,
357461107,45710,
357501107,45789,
357541106,45710,
357581107,45038,
357621107,45061,
357661106,44837,
357701107,45646,
357741107,46678,
357781105,45005,
357821106,46213,
357861106,45581,
357901107,45998,
357941106,45127,
357981106,45519,
358021107,46038,
358061106,45607,
358101106,45430,
358141107,45848,
358181107,44999,
358221106,45430,
358261107,45551,
358301106,45111,
358341107,45934,
358381106,46110,
358421105,45751,
358461106,45024,
358501105,45367,
358541107,45639,
358581107,45568,
358621107,46039,
358661107,45431,
358701107,45215,
358741107,45535,
358781106,45695,
358821106,45311,
358861106,45279,
358901106,45503,
358941107,45095,
358981107,44792,
359021106,45431,
359061105,44840,
359101106,45608,
359141106,45736,
359181107,45904,
359221105,46016,
2823208423,48830,
359301107,45599,
359341106,46118,
359381106,45240,
359421106,45415,
359461107,45552,
359501105,44657,
359541106,45008,
359581106,45032,
359621105,46431,
359661105,47063,
359701106,45064,
359741107,45400,
359781106,45855,
359821106,45359,
359861107,45359,
359901107,44624,
359941106,44912,
359981105,46327,
360021106,45128,
360061107,45815,
360101105,45207,
360141107,45927,
360181106,46799,
360221107,44439,
360261106,46230,
360301106,46895,
360341107,45216,
360381106,45367,
360421106,45120,
360461106,45456,
360501107,44984,
360541107,45248,
360581107,44760,
360621106,45728,
360661107,44800,
360701105,45751,
360741107,45319,
360781106,44872,
360821107,45184,
360861106,46023,
360901106,45120,
360941106,46128,
360981105,45223,
361021106,45055,
361061107,46174,
361101107,45183,
361141106,46072,
361181106,45088,
361221106,44784,
361261106,44784,
361301106,44808,
361341107,44480,
361381107,45135,
361421106,45911,
361461106,45615,
361501106,45415,
361541106,45967,
361581107,45024,
361621107,46110,
361661106,44543,
361701106,45583,
361741107,44991,
361781107,44704,
361821106,44991,
361861107,46006,
361901107,44943,
361941106,45327,
361981107,45775,
362021107,45894,
362061107,44455,
362101107,46950,
362141105,45463,
362181106,45551,
362221106,45239,
362261106,44031,
362301107,44031,
362341107,45486,
362381107,45799,
362421105,45150,
362461106,44935,
362501106,45934,
362541107,44534,
362581107,44679,
362621106,45191,
362661105,44758,
362701107,45159,
362741106,45093,
362781107,45781,
362821107,45198,
362861106,45086,
362901107,44837,
362941107,44758,
362981106,44935,
363021106,45911,
363061107,45135,
363101107,45870,
363141107,45509,
363181106,45215,
363221106,45598,
363261107,45654,
363301106,46950,
3857956329,48830,
363381106,46390,
363421105,45135,
363461106,45743,
363501107,46541,
363541106,44431,
363581106,45871,
363621106,46006,
363661107,45551,
363701106,46110,
363741107,46006,
363781107,45871,
363821106,45503,
363861107,45950,
363901106,45199,
363941107,45663,
363981107,45624,
364021106,46502,
364061106,45983,
364101107,45591,
364141105,45279,
364181106,46118,
364221106,45568,
364261107,44943,
364301107,46271,
364341106,44784,
364381107,44640,
364421106,45871,
364461106,46016,
364501107,45391,
364541105,45487,
364581106,45159,
364621105,45687,
364661106,45095,
364701107,45095,
364741107,45008,
364781107,44512,
364821107,45838,
364861107,45440,
364901107,45192,
364941106,45639,
364981106,46000,
365021106,45799,
365061105,45064,
365101106,45776,
365141107,46047,
365181107,44736,
365221107,46375,
365261107,45335,
365301106,45631,
365341107,45064,
365381106,46271,
365421106,45664,
365461105,45711,
365501107,45608,
365541106,45328,
365581107,44928,
365621107,46367,
365661106,44825,
365701105,45639,
365741107,45224,
365781105,45431,
365821107,46103,
365861106,45144,
365901106,46079,
365941106,45088,
365981107,44752,
366021106,45736,
366061106,44879,
366101107,45559,
366141106,45191,
366181107,44912,
366221106,45215,
366261107,44662,
366301106,45415,
366341106,45783,
366381106,45663,
366421106,45703,
366461105,45351,
366501107,45598,
366541106,46079,
366581107,45766,
366621107,45575,
366661107,45005,
366701107,45758,
366741107,46381,
366781105,44837,
366821106,45061,
366861107,45390,
366901105,45094,
366941106,45758,
366981107,45710,
367021107,46023,
367061106,44933,
367101107,45621,
367141106,45621,
367181107,44974,
367221105,45478,
367261105,45117,
367301106,44998,
367341105,44646,
367381107,45685,
761249258,48831,
367461107,45086,
367501106,45005,
367541107,46165,
367581105,45493,
367621106,45334,
367661107,45013,
367701106,45845,
367741106,45181,
367781107,45157,
367821106,46373,
367861105,45989,
367901106,44518,
367941106,45237,
367981105,45429,
368021106,45285,
368061106,45165,
368101107,45381,
368141107,45941,
368181107,45157,
368221107,45845,
368261107,45333,
368301107,45109,
368341105,46293,
368381106,44374,
368421106,45677,
368461106,45229,
368501107,45285,
368541106,45589,
368581106,45205,
368621105,45013,
368661106,45045,
368701106,44997,
368741106,46597,
368781107,45885,
368821106,45125,
368861105,45461,
368901106,45901,
368941107,46773,
368981106,45197,
369021107,46037,
369061106,45397,
369101106,45629,
369141107,44925,
369181107,44638,
369221107,44957,
369261107,45468,
369301107,45141,
369341106,44710,
369381107,45549,
369421106,45501,
369461107,45141,
369501106,45925,
369541107,45925,
369581106,45573,
369621106,45045,
369661106,44933,
369701107,44933,
369741106,45429,
369781107,45509,
369821106,45269,
369861107,44638,
369901106,45134,
369941106,45061,
369981107,45885,
370021105,45349,
370061106,45022,
370101106,45229,
370141106,45877,
370181107,46165,
370221107,45101,
370261107,45349,
370301107,44486,
370341105,44837,
370381106,46101,
370421106,45997,
370461106,45013,
370501107,45805,
370541106,45861,
370581106,45101,
370621107,45733,
370661105,45277,
370741107,45709,
370781107,45941,
370821107,45797,
370861107,45685,
370901107,44877,
370941107,46109,
370981106,45013,
371021105,45829,
371061107,45765,
371101107,46261,
371141106,45244,
371181107,45141,
371221107,44933,
371261106,45549,
371301106,45581,
371341105,44869,
371381105,45357,
371421107,45381,
3200222750,43058,
371461106,45605,
371541105,45525,
371581107,45614,
371621105,46813,
371661106,45661,
371701106,44558,
371741107,45534,
371781107,45150,
371821107,45909,
371861107,45493,
371901107,45670,
371941106,44959,
371981107,44959,
372021107,45022,
372061106,45598,
372101107,46253,
372141105,45054,
372181107,45733,
372221106,45341,
372261107,44343,
372301107,45710,
372341106,44038,
372381106,45478,
372421105,45469,
372461106,46303,
372501105,45446,
372541106,45519,
372581106,45005,
372621106,45166,
372661106,45285,
372701106,45094,
372741106,45469,
372781106,44646,
372821106,45525,
372861106,45271,
372901107,45773,
372941106,45030,
372981107,45702,
373021106,45710,
373061105,45325,
373101106,45150,
373141106,45870,
373181107,44877,
373221107,45446,
373261107,45366,
373301106,45631,
373341107,44869,
373381106,45166,
373421107,46221,
373461107,44822,
373501106,45525,
373541106,44262,
373581106,45302,
373621106,45229,
373661107,45685,
373701107,45733,
373741107,44789,
373781107,44957,
373821106,45748,
373861106,45933,
373901106,45317,
373941106,45653,
373981106,45605,
374021106,44957,
374061106,44509,
374101105,44989,
374141107,45190,
374181106,45813,
374221107,45829,
374261107,45653,
374301107,44957,
374341107,45285,
374381107,45285,
374421106,46373,
374461107,44830,
374501106,45765,
374541106,44973,
374581106,45653,
374621107,45469,
374701106,45188,
374741105,45597,
374781106,45229,
374821106,45165,
374861106,45197,
374901107,45677,
374941107,45613,
374981106,44142,
375021106,45412,
375061107,45941,
375101106,45549,
375141105,45117,
375181107,44941,
375221107,45285,
375261106,45101,
375301106,45477,
375341106,44966,
375381106,44638,
375421106,44758,
375461106,45524,
375501106,45341,
375541106,46405,
375581106,44470,
3334061549,48831,
375661106,45765,
375701107,45565,
375741106,44829,
375781105,46069,
375821106,45029,
375861106,44725,
375901105,45653,
375941106,45685,
375981107,45957,
376021106,45981,
376061106,45517,
376101106,45524,
376141107,45692,
376181105,45804,
376221106,45829,
376261107,45149,
376301105,45613,
376341107,44853,
376381105,46252,
376421106,45244,
376461107,45477,
376501107,46116,
376541106,46436,
376581107,46252,
376621106,45669,
376661106,45396,
376701106,45717,
376741106,45284,
376781107,46196,
376821106,46196,
376861106,45669,
376901106,45812,
376941106,46188,
376981106,44949,
377021106,45061,
377061107,45612,
377101107,46412,
377141105,45804,
377181107,44356,
377221107,45061,
377261107,45348,
377301107,45404,
377341106,45477,
377381106,44956,
377421107,44757,
377461106,46221,
377501107,46188,
377541105,44941,
377581107,44981,
377621106,45692,
377661106,45516,
377701107,45188,
377741106,45669,
377781107,45205,
377821107,45404,
377861107,45317,
377901106,45981,
377941107,44933,
377981106,44877,
378021106,45437,
378061106,45348,
378101106,45997,
378141107,45644,
378181105,46228,
378221107,46203,
378261106,46100,
378301106,45124,
378341107,45132,
378381106,46068,
378421106,45429,
378461107,46028,
378501106,45516,
378541106,45612,
378621107,44389,
378661106,45884,
378701106,45053,
378741106,45700,
378781107,45908,
378821106,45412,
378861105,46411,
378901105,45412,
378941106,45660,
378981106,45492,
379021107,45612,
379061107,45468,
379101107,45996,
379141106,45004,
379181107,45804,
379221106,45332,
379261106,45332,
379301106,46627,
379341106,45660,
379381106,44180,
379421107,46172,
379461107,45068,
379501106,45316,
379541106,45276,
379581106,45204,
379621107,45940,
379661106,44716,
379701107,45060,
167951854,48832,
379781106,45588,
379821107,45484,
379861106,46451,
379901106,45660,
379941106,44996,
379981106,44812,
380021106,46339,
380061106,45124,
380101107,46195,
380141107,45115,
380181107,46315,
380221106,45332,
380261107,45299,
380301107,44796,
380341107,45475,
380381106,45299,
380421106,45628,
380461106,46284,
380501107,44780,
380541106,45468,
380581107,44892,
380621105,44859,
380661106,45867,
380701107,45979,
380741105,45507,
380781105,45059,
380821106,45892,
380861105,45811,
380901107,45547,
380941106,45579,
380981107,46467,
381021105,45395,
381061106,46067,
381101106,45419,
381141107,45444,
381181107,45724,
381221106,45324,
381261105,45251,
381301107,46323,
381341106,45171,
381381107,44739,
381421106,45731,
381461107,46195,
381501106,44940,
381541105,45052,
381581107,44795,
381621106,45572,
381661107,45875,
381701107,45875,
381741106,45523,
381781107,45731,
381821106,45979,
381861106,45299,
381901106,44924,
381941107,45283,
381981106,45755,
382021107,44996,
382061107,45643,
382101105,46322,
382141106,45060,
382181106,45892,
382221105,45108,
382261107,44940,
382301106,46083,
382341106,46083,
382381105,45412,
382421105,45755,
382461107,45436,
382501107,45444,
382541106,44780,
382581107,45531,
382621105,44579,
382661107,45852,
382701106,45276,
382741107,45148,
382781105,45818,
382821106,45243,
382861106,45388,
382901107,45043,
382941106,44460,
382981106,44819,
383021106,45755,
383061106,45803,
383101106,45283,
383141106,45772,
383181107,45874,
383221107,46451,
383261106,45379,
383301107,46051,
383341107,46251,
383381106,45507,
383421106,45323,
383461107,45539,
383501107,45220,
383541106,45603,
383581105,45475,
383621106,45203,
383661106,45762,
383701106,46411,
383741106,43700,
383781107,45467,
383821106,45739,
966704624,48832,
383901106,44867,
383941106,44691,
383981107,45691,
384021106,44811,
384061106,44907,
384101107,45587,
384141105,45587,
384181106,45483,
384221107,45427,
384261106,45556,
384301107,45539,
384341106,45563,
384381105,44739,
384421106,45715,
384461105,45315,
384501107,44139,
384541107,46058,
384581106,45106,
384621107,45220,
384661106,45955,
384701106,45459,
384741106,45795,
384781106,44787,
384821107,45347,
384861106,45283,
384901107,45123,
384941106,44619,
384981106,44611,
385021105,45035,
385061106,44882,
385101106,45435,
385141107,45699,
385181107,45379,
385221107,45011,
385261106,44875,
385301107,45691,
385341106,46562,
385381106,45099,
385421106,45923,
385461105,44619,
385501106,44378,
385541106,44923,
385581106,45171,
385621107,45563,
385661106,45883,
385701106,45587,
385741106,45539,
385781106,45986,
385821107,44355,
385861106,45209,
385901107,45171,
385941106,45419,
385981106,46011,
386021106,44284,
386061106,46098,
386101106,45963,
386141107,44780,
386181106,45147,
386221107,45579,
386261107,45155,
386301107,44427,
386341106,45123,
386381107,44963,
386421106,45475,
386461107,45843,
386501106,45915,
386541107,44963,
386581106,44963,
386621106,45691,
386661107,45019,
386701107,45411,
386741106,45004,
386781107,45722,
386821107,45060,
386861106,44716,
386901107,45627,
386941106,45995,
386981107,46147,
387021106,45668,
387061106,44956,
387101106,45307,
387141106,45523,
387181107,44691,
387221106,45780,
387261106,45603,
387301106,46322,
387341107,45539,
387381107,45683,
387461106,45411,
387501106,45907,
387541106,45668,
387581107,45923,
387621106,45187,
387661107,45403,
387701107,46083,
387741107,45811,
387781106,44763,
387821106,45683,
387861107,44731,
387901105,45724,
1856355825,48832,
387941106,45907,
388021106,45635,
388061106,45019,
388101107,45388,
388141106,44644,
388181105,45299,
388221105,45092,
388261107,45379,
388301106,45388,
388341106,46251,
388381107,44988,
388421107,45324,
388461107,44780,
388501106,44427,
388541106,45363,
388581106,46123,
388621107,44707,
388661107,45059,
388701107,45251,
388741107,45948,
388781106,45052,
388821107,45635,
388861105,45715,
388901107,45755,
388941106,44851,
388981107,45715,
389021106,45715,
389061106,45379,
389101106,45803,
389141107,45323,
389181107,45435,
389221105,44515,
389261106,45444,
389301106,45211,
389341106,45883,
389381106,45579,
389421107,45475,
389461107,45771,
389501106,44763,
389541107,45259,
389581106,46131,
389621106,45627,
389661106,45627,
389701107,45699,
389741106,46019,
389781105,45715,
389821107,45419,
389861107,45386,
389901107,45242,
389941107,45354,
389981106,45545,
390021106,45227,
390061106,45403,
390101107,45787,
390141106,44882,
390181106,46075,
390221106,45139,
390261105,45218,
390341106,45106,
390381107,45930,
390421105,44747,
390461106,45610,
390501106,45209,
390541106,44835,
390581107,44499,
390621107,44649,
390661106,45386,
390701106,46081,
390741107,45675,
390781106,45402,
390821107,44985,
390861106,46035,
390901105,45811,
390941106,45554,
390981106,46002,
391021107,45466,
391061107,44705,
391101107,45666,
391141106,44626,
391181107,45666,
391221107,45265,
391261107,47081,
391301106,45817,
391341107,45074,
391381105,44523,
391421107,45778,
391461106,45778,
391501106,45769,
391541105,45817,
391581106,46185,
391621107,46058,
391661107,44714,
391701106,44866,
391741106,45906,
391781106,46097,
391821107,45475,
391861107,44985,
391901106,45130,
391941105,45937,
391981107,45850,
392021107,45616,
392061106,45369,
2851192064,48832,
392141106,46361,
392181106,45858,
392221107,45834,
392261107,46417,
392301105,44913,
392341106,45522,
392381106,46147,
392421106,45906,
392461107,45682,
392501106,44923,
392541106,45937,
392621106,46097,
392661106,45122,
392701107,45498,
392741106,45666,
392781106,45369,
392821107,46385,
392861106,45906,
392901106,45035,
392941107,45937,
392981106,46209,
393021107,46035,
393061106,45050,
393101106,45307,
393141106,46313,
393181106,45392,
393221106,45545,
393261106,45873,
393301105,44705,
393341107,45234,
393381107,45321,
393421107,45697,
393461106,45458,
393501107,45713,
393541107,45616,
393581106,45473,
393621107,44665,
393661106,45202,
393701106,45840,
393741107,44649,
393821106,46018,
393861106,46018,
393901107,45840,
393941106,45745,
393981106,44161,
394021107,45329,
394061105,45753,
394101106,45346,
394141107,45465,
394181107,45209,
394221106,45280,
394261106,45113,
394301106,45458,
394341107,44698,
394381106,46176,
394421107,45353,
394461105,46001,
394501107,45105,
394541107,45777,
394581105,46120,
394621106,46209,
394661106,45616,
394701107,45377,
394741105,46873,
394781107,45249,
394821107,45137,
394941107,46417,
394981106,45633,
395021107,46305,
395061107,46153,
395101107,45753,
395141105,45777,
395181105,44945,
395221107,44362,
395261107,45536,
395301106,45753,
395341106,45202,
395381106,46433,
395421106,45417,
395461107,45745,
395501106,44913,
395541107,46001,
395581106,45633,
395621107,44209,
395661106,45728,
395701107,45633,
395741106,46049,
395781107,45665,
395821107,46081,
395861105,44745,
395901107,46273,
395941107,45570,
395981107,45185,
396021107,45209,
396061107,45553,
396101106,44681,
396141107,45848,
396181106,45137,
3796090356,48832,
396261106,45960,
396341106,44840,
396381106,46105,
396421106,45161,
396461105,46225,
396501105,45680,
396541107,45297,
396581106,44569,
396621106,46025,
396661107,45297,
396701106,45592,
396741107,45448,
396781106,45089,
396821107,45769,
396861107,44921,
396901105,45417,
396941105,44832,
396981105,45704,
397021107,45753,
397061107,44857,
397101107,45753,
397141107,45264,
397181107,45137,
397221107,45489,
397261106,45064,
397301107,45704,
397341106,45361,
397381107,45552,
397421105,45096,
397461106,45464,
397501106,45911,
397541106,45552,
397581107,44864,
397621107,44600,
397661105,45664,
397701105,45776,
397741107,46015,
397781107,45855,
397821106,46015,
397861107,45432,
397901106,45520,
397941106,45512,
397981107,45312,
398021105,45056,
398061106,46071,
398101106,44784,
398141106,46000,
398181107,44704,
398221107,45440,
398261106,45920,
398301106,44951,
398341105,45752,
398381106,44968,
398421107,45384,
398461106,45832,
398501107,45007,
398541106,45840,
398581106,45976,
398621107,46032,
398661107,44960,
398701106,46256,
398741107,46256,
398781106,45368,
398821107,45399,
398861106,45528,
398901107,45584,
398941107,45944,
399021107,45575,
399061106,45608,
399101105,45367,
399141106,45455,
399181107,45175,
399261107,44919,
399301107,45888,
399341106,46047,
399381106,44712,
399421107,45399,
399461106,45679,
399501107,45783,
399541105,45279,
399581107,45919,
399621106,45399,
399661106,44975,
399701105,45503,
399741107,44951,
399781107,45199,
399821106,45647,
399861107,45863,
399901106,45807,
399941106,45863,
399981107,45702,
400021106,45471,
400061106,45383,
400101107,45559,
400141106,45343,
400181107,46375,
400221106,45031,
400261106,45871,
400301106,45223,
637058550,48833,
400381106,45247,
400421107,45847,
400461106,45318,
400501105,44982,
400541106,45047,
400581106,45262,
400621106,45815,
400661106,44823,
400701106,45462,
400741106,45327,
400781107,45310,
400821106,45206,
400861106,46279,
400901107,45110,
67372036,1028,
400981106,45943,
401021107,45374,
401061106,45175,
401101106,45695,
401141105,45695,
401181107,45710,
401221107,45990,
401261107,46102,
401301106,45679,
401341107,45814,
401381106,44750,
401421106,45749,
401461107,44830,
401501106,45885,
401541107,45446,
401581107,45262,
401621107,45567,
401661106,45381,
401741107,45903,
401781107,45742,
401821105,45997,
401861107,45166,
401901106,45511,
401941106,45581,
401981106,45581,
402021106,45405,
402061107,46637,
402101107,45054,
402141106,44765,
402181107,44709,
402221106,45125,
402261105,45110,
402301106,45037,
402341107,45637,
402381107,45405,
402421106,44597,
402461107,45133,
402501107,45325,
402541107,46117,
402581107,45285,
402621105,44709,
402661106,45261,
402701107,45797,
402741107,45589,
402781107,46221,
402821106,45142,
402861107,44989,
402901107,45110,
402941107,44453,
402981107,45573,
403021107,46021,
403061106,44797,
403101107,44918,
403141107,44965,
403181107,45293,
403221107,45870,
403261106,45133,
403301107,45325,
403341106,44845,
403381106,45278,
403421106,45222,
403461107,45365,
403501106,45437,
403541106,45573,
403581107,45573,
403621106,44925,
403661107,44886,
403701107,45517,
403741107,45941,
403781106,45390,
403821106,44301,
403861106,46133,
403901106,45749,
403941106,44573,
403981106,45005,
404021107,45997,
404061106,44421,
404101107,45005,
404141106,45205,
404181106,46045,
404221106,45605,
404261107,45757,
404301107,44557,
404341107,46717,
404381107,44837,
404421107,45077,
1685110264,48833,
404501105,45645,
404541107,44741,
404581105,45957,
404621107,44988,
404661106,45517,
404701106,45621,
404741107,45453,
404781106,45597,
404821106,44741,
404861106,44805,
404901106,44805,
404941106,45053,
404981106,45436,
405021107,45053,
405061105,45869,
405101105,45061,
405141107,45541,
405181105,45477,
405221106,45988,
405261106,45660,
405301106,46085,
405341107,45380,
405381106,46757,
405421107,46789,
405461107,45165,
405501107,45517,
405541107,45413,
405581106,46085,
405621106,45917,
405661106,45445,
405701106,45861,
405741106,44965,
405781107,44941,
405821106,45781,
405861105,46173,
405901107,45596,
405941107,46164,
405981107,44924,
406021107,44924,
406061107,45685,
406101107,45741,
406141107,45453,
406181107,44957,
406221106,46973,
406261106,46029,
406301105,45428,
406341106,45036,
406381107,45996,
406421106,45453,
406461107,45645,
406501106,45148,
406541107,45148,
406581106,45860,
406621107,45341,
406661107,46115,
406701106,46507,
406741106,44684,
406781107,45845,
406821106,46036,
406861107,44669,
406901106,45588,
406941105,45196,
406981107,46148,
407021106,44995,
407061106,45700,
407101106,45028,
407141107,44972,
407181106,45932,
407221106,44764,
407261107,44308,
407301106,46171,
407341107,45483,
407381107,45636,
407421105,45084,
407461107,46036,
407501107,44908,
407541106,45507,
407581107,46500,
407621105,45107,
407661106,45723,
407701106,45364,
407741106,44452,
407781107,45979,
407821107,46283,
407861107,45811,
407901107,45996,
407941106,44692,
407981107,45156,
408021107,45692,
408061106,46020,
408101106,44956,
408141107,45675,
408181105,45059,
408221105,44700,
408261107,45156,
408301107,46188,
408341106,45395,
408381106,46115,
408421106,46115,
408461107,44564,
408501106,46283,
408541107,45740,
2871180793,48833,
408621107,45451,
408661106,44732,
408701106,44428,
408741106,46379,
408781106,45628,
408821107,46132,
408861107,45427,
408901107,45251,
408941106,44979,
408981107,45427,
409021107,45675,
409061107,45227,
409101107,45387,
409141106,45699,
409181107,45003,
409221107,44819,
409261107,45979,
409301107,45100,
409341107,46483,
409381106,45675,
409421106,46371,
409461107,45635,
409501105,45315,
409541107,45315,
409581106,45499,
409621105,45379,
409661107,45667,
409701105,45003,
409741107,44715,
409781106,44603,
409821106,44667,
409861107,45211,
409901107,45667,
409941107,45283,
409981106,45187,
410021106,45163,
410061107,45227,
410101107,44515,
410141106,45523,
410181107,44508,
410221107,45651,
410261106,45787,
410301106,45947,
410341107,45323,
410381105,45411,
410421107,45459,
410461106,45547,
410501105,45027,
410541106,45075,
410581107,45987,
410621107,45603,
410661107,45683,
410701107,45035,
410741106,45411,
410781106,45515,
410821106,45515,
410861106,45507,
410901106,45483,
410941107,45251,
410981105,45915,
411021105,45363,
411061106,45347,
411101106,45347,
411141106,45115,
411181106,45459,
411221105,44723,
411261107,45651,
411301107,45587,
411341107,44779,
411381106,45251,
411421106,44595,
411461106,44723,
411501107,45315,
411541107,44611,
411581106,46211,
411621106,45595,
411661106,44939,
411701106,44875,
411741106,45795,
411781106,44531,
411821106,46035,
411861107,45027,
411901106,44555,
411941107,44267,
411981105,45547,
412021105,45395,
412061105,44906,
412101107,44915,
412141107,45667,
412181106,44962,
412221106,45578,
412261105,45323,
412301107,45491,
412341107,45155,
412381107,47403,
412421107,45186,
412461105,44875,
412501106,45122,
412541106,45587,
412581106,44570,
412621107,46003,
3530341883,48833,
412661107,45130,
412741105,45922,
412781107,45771,
412821106,45817,
412861107,45066,
412901106,44753,
412941106,45393,
412981107,45537,
413021107,45561,
413061106,45043,
413101107,45257,
413141106,45603,
413181106,44921,
413221107,45609,
413261106,45609,
413301106,45393,
413341107,45514,
413381106,45449,
413421106,45601,
413461107,46041,
413501107,45379,
413541107,45281,
413581107,46153,
413621106,44729,
413661107,45457,
413701107,45409,
413741107,45234,
413781107,45089,
413821107,46073,
413861107,45321,
413901105,45929,
413941106,45913,
413981106,45505,
414021107,45385,
414061106,45385,
414101106,46185,
414141106,45810,
414181106,45665,
414221107,44649,
414261107,45665,
414301106,45153,
414341106,46177,
414381106,44601,
414421106,45881,
414501106,45761,
414541106,45433,
414581106,46185,
414621106,45049,
414661107,45057,
414701105,45841,
414741107,45145,
414781105,45113,
414821107,45177,
414861107,45568,
414901107,45016,
414941107,45465,
414981106,45793,
415021106,45257,
415061105,44848,
415101105,45824,
415141105,45233,
415181107,45576,
415221106,45345,
415261106,46136,
415301106,47096,
415341107,45712,
415381107,44952,
415421106,45128,
415461105,45920,
415501106,44512,
415541106,44833,
415581107,45488,
415621107,45896,
415661105,45896,
415701107,45880,
415741106,44624,
415781107,46104,
415821106,44752,
415861107,44728,
415901106,45696,
415941107,46280,
415981107,45376,
416021106,45712,
416061105,45528,
416101105,45520,
416141106,44544,
416181106,46032,
416221107,45648,
416261106,45952,
416301107,45519,
416341106,45648,
416381105,45656,
416421106,45960,
416461106,45208,
416501106,44488,
416541106,46336,
416581107,45952,
416621106,46336,
416661105,46320,
416701106,46536,
416741106,45280,
104447484,48834,
416781106,44352,
416861106,45608,
416901106,46208,
416941107,45767,
416981107,45231,
417021107,46056,
417061107,45560,
417101106,46303,
417141106,44735,
417181107,45487,
417221106,44647,
417261106,45823,
417301107,45384,
417341106,46079,
417381106,45087,
417421105,45735,
417461107,45983,
417501106,44815,
417541107,44543,
417581106,45367,
417621106,45303,
417661107,45023,
417701106,45951,
417781106,45287,
417821105,45703,
417861107,45087,
417901105,45087,
417941107,45511,
417981106,45447,
418021106,45367,
418061106,45287,
418101106,45287,
418141106,45111,
418181107,45535,
418221106,45615,
418261106,45135,
418301106,45751,
418341107,45527,
418381107,44711,
418421105,45359,
418461107,45616,
418501106,45223,
418541105,45311,
418581107,45455,
418621107,45759,
418661107,45623,
418701107,45791,
418741107,45919,
418781106,45479,
418821106,46351,
418861105,45279,
418901106,45815,
418941106,45295,
418981106,45295,
419021107,45759,
419061107,46392,
419101107,46607,
419141107,45735,
419181107,45311,
419221106,45023,
419261107,45367,
419301107,45655,
419341107,45095,
419381106,45472,
419421107,44912,
419461107,45776,
419501107,45832,
419541105,46071,
419581107,46056,
419661106,44992,
419701107,45119,
419741107,45119,
419781106,46127,
419821107,45567,
419901106,45511,
419941106,45136,
419981107,46263,
420021106,46351,
420061106,45655,
420101106,45623,
420141107,45815,
420181107,45384,
420221107,45760,
420261106,44751,
420301105,45231,
420341106,45463,
420381107,45935,
420421107,45399,
420461107,44759,
420501105,45183,
420541107,45183,
420581107,45816,
420621107,46527,
420661107,45384,
420701107,45287,
420741106,45543,
420781107,45367,
420821106,46287,
420861107,45231,
801160702,48834,
420981106,45559,
421021107,46215,
421061107,45367,
421101107,45927,
421141106,45375,
421181107,45703,
421221107,44855,
421261107,45591,
421301107,45319,
421341107,45503,
421381107,44999,
421421106,44455,
421461106,45455,
421501105,45367,
421541107,45727,
421581106,46335,
421621106,45287,
421661105,44919,
421701106,45927,
421741107,45295,
421781106,44463,
421821106,44855,
421861107,45295,
421901106,45759,
421941106,46943,
421981107,45071,
422021106,44967,
422061107,46183,
422101106,45479,
422141107,45374,
422181107,44814,
422221107,45223,
422261106,46047,
422301107,45567,
422341107,45071,
422381106,45527,
422421106,45751,
422461106,45374,
422501107,45847,
218959117,3341,
422581107,45727,
422621106,45895,
422661106,45647,
422701106,45438,
422741105,45591,
422781107,45662,
422861106,46199,
422901106,45285,
422941106,45285,
422981107,45373,
423021107,45709,
423061107,45261,
423101107,45751,
423141107,44215,
423181105,45695,
423221106,46261,
423261107,45757,
423301107,46269,
423341106,45565,
423381107,45093,
423421106,45550,
423461106,45780,
423501106,46293,
423541106,45477,
423581106,46253,
423621105,45181,
423661107,44940,
423701106,45573,
423741106,44884,
423781106,46229,
423821105,45220,
423861106,45685,
423901107,45733,
423941105,45909,
423981107,45789,
424021106,45444,
424061107,45612,
424101107,45718,
424141106,45621,
424181106,45212,
424221106,45085,
424261105,45494,
424301106,45733,
424341106,45645,
424381106,44533,
424421106,45589,
424461106,45341,
424501106,44565,
424541106,44341,
424581106,45973,
424621105,45629,
424661107,44893,
424701106,45550,
424741106,45559,
424781105,44999,
424821107,45246,
424861107,44582,
424901107,45751,
424941107,45830,
424981106,46791,
1603517951,48834,
425021107,46591,
425101106,45815,
425141106,45718,
425181107,45791,
425221106,45415,
425261107,45239,
425301105,45287,
425341106,44895,
425381106,44895,
425421106,45535,
425461106,45254,
425541106,45903,
425581106,46390,
425621107,46031,
425661106,45830,
425701107,45527,
425741106,45965,
425781107,45765,
425821106,46087,
425901107,45615,
425941107,45615,
425981107,45677,
426021106,44766,
426061106,46269,
426101106,45621,
426141107,44940,
426181107,45341,
426221106,45933,
426261107,46037,
426301106,45421,
426341107,45111,
426381107,44757,
426421105,45415,
426461106,44781,
426501107,45565,
426541106,45388,
426581107,46125,
426621107,45757,
426661106,45436,
426701105,44884,
426741106,45436,
426781106,44797,
426821106,45477,
426861105,45261,
426901107,45444,
426941107,44934,
426981107,45604,
427021107,45301,
427061106,44973,
427101107,45276,
427141105,46021,
427181106,44996,
427221107,45469,
427261107,45612,
427301106,45332,
427341107,45093,
427381106,45444,
427421106,45388,
427461106,45141,
427501106,45668,
427541107,46117,
427581107,45421,
427621106,44949,
427661107,45085,
427701106,45100,
427741106,44492,
427781106,45693,
427821106,45693,
427861107,45772,
427901107,45149,
427941106,45765,
427981105,45349,
428021107,45917,
428061107,44500,
428101106,46180,
428141106,44404,
428181107,45861,
428221106,45732,
428261107,45412,
428301106,46180,
428341106,45140,
428381106,45308,
428421106,45260,
428461106,44644,
428501106,46141,
428541106,45356,
428581107,44477,
428621106,44892,
428661106,45476,
428701105,45380,
428741106,46037,
428781107,45524,
428821107,44820,
428861106,45500,
428901106,45756,
428941107,45324,
428981107,45468,
429021107,44852,
429061106,45093,
2541731328,48834,
429101106,45108,
429181107,45268,
429221106,45853,
429261106,44107,
429301106,44477,
429341107,44508,
429381106,44972,
429421107,46301,
429461107,45436,
429501106,45653,
429541106,45933,
429581106,45820,
429621106,44948,
429661106,44716,
429701107,44692,
429741106,44884,
429821107,45324,
429861105,45348,
429901106,45372,
429941107,45612,
429981107,45004,
430021106,45492,
430061107,45092,
430101107,46093,
430141107,45492,
430181107,46180,
430221107,46180,
430261106,44740,
430301107,45188,
430341107,44492,
430381107,44292,
430421107,44484,
430461106,44891,
430501106,45788,
430541105,45580,
430581107,45003,
430621107,45828,
430661106,45828,
430701107,45484,
430741105,44533,
430781107,45268,
430821107,45108,
430861107,45980,
430901106,45156,
430941107,45460,
430981106,45700,
431021105,45468,
431061107,45444,
431101107,45412,
431141106,45068,
431181106,45861,
431221107,44972,
431261106,44499,
431301106,46077,
431341105,44924,
431381107,45132,
431421106,46340,
431461107,45044,
431501107,45973,
431541106,44572,
431581107,45140,
431621107,45220,
431661106,45700,
431701107,45965,
431741107,46036,
431781107,45236,
431821106,43836,
431861106,45741,
431901107,44972,
431941107,45124,
431981107,45884,
432021106,45932,
432061106,45044,
432101107,44420,
432141107,45003,
432181107,46077,
432221107,46292,
432261107,44644,
432301106,45532,
432341107,44484,
432381107,45156,
432421107,45436,
432461106,45428,
432501106,45300,
432541105,45988,
432581105,45692,
432621106,45252,
432661107,45252,
432701105,45276,
432741106,45308,
432781107,45268,
432821106,45708,
432861106,44908,
432901106,45219,
432941107,45820,
432981107,44611,
433021105,44667,
433061106,46036,
433101107,45068,
433141106,46148,
3764436481,48834,
433221106,45051,
433261107,46141,
433301106,45180,
433341106,44228,
433381106,45708,
433421106,45036,
433461106,44611,
433501106,45236,
433541107,45428,
433581106,45524,
433621107,45188,
433661107,44820,
433701106,45012,
433741107,44852,
433781106,45876,
433821106,45612,
433861107,46141,
433901106,45156,
433941106,44508,
433981106,45396,
434021107,45548,
434061106,45020,
434101106,45596,
434141107,44820,
434181106,45100,
434221107,44900,
434261106,44364,
434301106,45476,
434341106,44356,
434381106,45228,
434421105,44396,
434461106,45012,
434501105,45788,
434541105,44995,
434581106,45188,
434621106,46156,
434661106,44428,
434701107,44588,
434741106,45508,
434781107,45003,
434821106,45812,
434861107,45412,
434901106,45212,
434941107,44539,
434981106,45620,
435021107,45851,
435061107,45619,
435101106,45619,
435141106,45179,
435181105,45123,
435221107,45987,
435261106,45268,
435301106,44867,
435341106,45371,
435381106,45580,
435421105,45531,
435461106,44507,
435501107,46003,
435541106,44331,
435581106,45787,
435621107,45835,
435661106,45035,
435701105,45548,
435741106,45059,
435781106,45523,
435821107,45955,
435861106,45115,
435901106,45675,
435941106,45115,
435981107,45884,
436021105,45331,
436061106,44930,
436101105,45467,
436141106,45707,
436181107,44458,
436221106,45234,
436261106,46107,
436301107,45219,
436341106,45803,
436381105,44458,
436421106,45355,
436461107,45659,
436501106,45772,
436541107,44715,
436581106,45811,
436621106,45931,
436661106,45603,
436701107,46291,
436741106,44243,
436781107,45611,
436821106,45122,
436861107,45539,
436901105,45987,
436941107,45234,
436981106,44786,
437021106,45923,
437061106,44907,
437101107,44995,
437141107,45635,
500874754,48835,
437181106,45267,
437261106,44898,
437301106,44818,
437341107,45443,
437381106,45715,
437421107,43938,
437461106,44890,
437501106,45562,
437541107,45562,
437581107,45547,
437621107,44939,
437661107,44946,
437701107,45315,
437741106,45547,
437781107,45267,
437821106,44579,
437861106,44467,
437901107,45738,
437941107,44746,
437981106,46027,
438021106,45435,
438061106,46305,
438101106,45091,
438141107,45730,
438181107,44898,
438221107,45082,
438261107,45458,
438301105,45073,
438341106,45273,
438381106,45450,
438421107,45138,
438461105,45329,
438501107,45385,
438541107,44354,
438581107,45745,
438621106,44993,
438661106,45321,
438701106,45114,
438741107,45587,
438781107,45178,
438821106,44905,
438861106,45483,
438901106,45441,
438941107,46259,
438981106,45579,
439021106,46114,
439061105,44746,
439101107,45955,
439141107,45307,
439181106,44554,
439221107,45435,
439261106,45906,
439301106,45450,
439341106,45603,
439381105,45923,
439421106,45010,
439461107,45619,
439501106,45003,
439541106,45244,
439581105,45171,
439621107,45595,
439661106,45875,
439701107,45139,
439741106,44547,
439781105,45867,
439821106,45339,
439861107,44955,
439941106,45667,
439981107,45667,
440021107,44195,
440061106,46339,
440101107,45411,
440141106,45307,
440181106,45003,
440221106,45307,
440261106,44947,
440301105,45548,
440341107,45411,
440381107,45587,
440421107,45803,
440461106,44979,
440501107,46107,
440541107,45955,
440581106,45011,
440621107,46003,
440661105,44971,
440701107,44874,
440741106,46171,
440781107,43778,
440821107,44867,
440861106,45011,
440901105,44811,
440941106,45787,
440981106,45555,
441021106,45747,
441061106,46235,
441101106,45267,
441141107,45227,
441181106,45156,
441221107,46820,
2147728898,48835,
441301105,45483,
441341106,44979,
441381105,45995,
441421106,45531,
441461106,45395,
441501107,45931,
441541107,45667,
441581106,45571,
441621106,45115,
441661106,45555,
441701106,45643,
441741106,45443,
441781107,44691,
441821106,45331,
441861106,45675,
441901106,44643,
441941106,44796,
441981105,45595,
442021106,45555,
442061107,45347,
442101107,45739,
442141106,45683,
442181107,45963,
442221106,44699,
442261107,44468,
442301107,45555,
442341106,45604,
442381106,45931,
442421107,45931,
442461106,44955,
442501107,44899,
442541106,44723,
442581106,45515,
442621106,45011,
442661106,44971,
442701107,45611,
442741106,45419,
442781106,44715,
442821107,45419,
442861107,45267,
442901106,45635,
442941106,45387,
442981105,45098,
443021107,45091,
443061106,45178,
443101106,45691,
443141106,45138,
443181106,45027,
443221107,45619,
443261107,45890,
443301106,46291,
443341107,45931,
443381107,45346,
443421106,45290,
443461106,45394,
443501106,44979,
443541106,45107,
443621106,45441,
443661106,45394,
443701107,45114,
443741105,44097,
443781106,45338,
443821107,45617,
443901107,44914,
443941106,44513,
443981107,44610,
444021107,45882,
444101107,44834,
444141107,45321,
444181106,45195,
444221107,45457,
444261106,45689,
444301106,44537,
444341106,45625,
444381107,45321,
444421107,45321,
444461107,45233,
444501106,44513,
444541107,45649,
444581106,45722,
444621106,45465,
444661105,44993,
444701106,45473,
444741106,45481,
444781106,44897,
444821106,44968,
444861107,45017,
444901107,45017,
444941107,45337,
444981107,44553,
445021107,45569,
445061106,44897,
445101107,45361,
445141107,45689,
445181106,46186,
445221106,45793,
2009775637,48759,
445261107,45089,
445341106,45529,
445381107,45658,
445421107,45273,
445461106,45257,
445501105,45833,
445541107,45200,
445581107,44601,
445621107,44744,
445661106,45193,
445701106,45729,
445741105,45689,
445781106,45257,
445821105,45385,
445861106,44985,
445901106,46345,
445941106,45497,
445981105,45833,
446021107,44937,
446061106,45697,
446101107,45456,
446141107,44568,
446181107,45857,
446221107,45097,
446261106,45601,
446301107,45689,
446341106,44184,
446381106,45825,
446421107,44256,
446461106,45760,
446501106,42108,
446541106,39908,
446581107,40855,
446621106,39422,
