322261107,4096,
321821106,4096,
322501107,4096,
322301106,4096,
322381107,4096,
322261107,4096,
4187045730,-25444,
322381107,4096,
322621107,4096,
2592652699,14742,
321861106,4096,
321781106,4096,
321941106,4096,
322301106,4096,
322341106,4096,
321901106,4096,
2294549565,-16661,
322581107,4096,
3587850082,-30112,
322341106,4096,
322661106,4096,
120831724,16049,
323181106,4096,
323221107,4096,
323261105,4096,
323301107,4096,
323341106,4096,
323381106,4096,
323421106,4096,
323461107,4096,
323501106,4096,
323541106,4096,
323581107,4096,
323621107,4096,
323661107,4096,
323701107,4096,
323741105,4096,
323781106,4096,
323821107,4096,
323861107,4096,
323901107,4096,
323941106,4096,
323981107,4096,
324021106,4096,
324061105,4096,
324101106,4096,
324141106,4096,
324181105,4096,
324221105,4096,
324261107,4096,
324301106,4096,
324341107,4096,
324381107,4096,
324421106,4096,
324461107,4096,
324501106,4096,
324541107,4096,
324581106,4096,
324621107,4096,
324661107,4096,
324701107,4096,
324741107,4096,
324781107,4096,
324821106,4096,
324861107,4096,
324901107,4096,
324941106,4096,
324981107,4096,
325021106,4096,
325061106,4096,
325101107,4096,
325141107,4096,
325181106,4096,
325221106,4096,
325261106,4096,
325301106,4096,
325341106,4096,
325381106,4096,
325421105,4096,
325461106,4096,
325501107,4096,
325541107,4096,
325581106,4096,
325621106,4096,
325661106,4096,
325701105,4096,
325741106,4096,
325781106,4096,
325821106,4096,
325861107,4096,
325901106,4096,
325981107,4096,
326021107,4096,
326061106,4096,
326101106,4096,
326141107,4096,
326181107,4096,
326221107,4096,
326261107,4096,
326301106,4096,
326341106,4096,
326381107,4096,
326421107,4096,
326461107,4096,
326501107,4096,
326541107,4096,
326581106,4096,
143703370,30679,
326661106,4096,
326701105,4096,
326741107,4096,
326781106,4096,
326821107,4096,
326861107,4096,
326901105,4096,
326941107,4096,
326981107,4096,
327021107,4096,
327061106,4096,
327101105,4096,
327141105,4096,
327181106,4096,
327221106,4096,
327261106,4096,
327301106,4096,
327341105,4096,
327381106,4096,
327421106,4096,
327461106,4096,
327501106,4096,
327541106,4096,
327581107,4096,
327621106,4096,
327661106,4096,
327701107,4096,
327741107,4096,
327781106,4096,
327821106,4096,
327861107,4096,
327901105,4096,
327941105,4096,
327981107,4096,
328021106,4096,
328061107,4096,
328101107,4096,
328141106,4096,
328221106,4096,
328261106,4096,
328301106,4096,
328341107,4096,
328381107,4096,
328421106,4096,
328461106,4096,
328501107,4096,
328541107,4096,
328581107,4096,
328621106,4096,
328661107,4096,
328741107,4096,
328781107,4096,
328821106,4096,
328861105,4096,
328901107,4096,
328941106,4096,
328981105,4096,
329021105,4096,
329061106,4096,
329101106,4096,
329141106,4096,
329181107,4096,
329221105,4096,
329261107,4096,
329301106,4096,
329341106,4096,
329381105,4096,
329421106,4096,
329461106,4096,
329501107,4096,
329541105,4096,
329581105,4096,
329621106,4096,
329661107,4096,
329701105,4096,
329741106,4096,
329781105,4096,
329821106,4096,
329861107,4096,
329901105,4096,
329941105,4096,
329981105,4096,
330061107,4096,
330101106,4096,
330141107,4096,
330181107,4096,
330221106,4096,
330261107,4096,
330301107,4096,
330341106,4096,
330381107,4096,
330421107,4096,
330461106,4096,
330501106,4096,
330541106,4096,
330581107,4096,
330621107,4096,
928136737,-18919,
330661107,4096,
330741106,4096,
330781106,4096,
330821106,4096,
330861106,4096,
330901107,4096,
330941106,4096,
330981106,4096,
331021106,4096,
331061106,4096,
331101106,4096,
331141107,4096,
331181107,4096,
331221105,4096,
331261106,4096,
331301107,4096,
331341107,4096,
331381107,4096,
331421106,4096,
331501106,4096,
331541107,4096,
331581106,4096,
331621106,4096,
331661106,4096,
331701105,4096,
331741107,4096,
331781107,4096,
331821107,4096,
331861107,4096,
331901106,4096,
331941107,4096,
331981107,4096,
332021106,4096,
332061107,4096,
332101107,4096,
332141107,4096,
332181106,4096,
332221105,4096,
332261106,4096,
332301107,4096,
332341107,4096,
332381106,4096,
332421107,4096,
332461107,4096,
332501107,4096,
332541107,4096,
332581107,4096,
332621106,4096,
332701105,4096,
332741107,4096,
332781107,4096,
332821107,4096,
332861107,4096,
332901106,4096,
332941106,4096,
332981106,4096,
333021105,4096,
333061105,4096,
333101106,4096,
333141106,4096,
333181106,4096,
333221107,4096,
333261106,4096,
333301107,4096,
333341106,4096,
333381106,4096,
333421107,4096,
333461107,4096,
333501107,4096,
333541105,4096,
333581105,4096,
333621107,4096,
333661107,4096,
333701106,4096,
333741107,4096,
333781106,4096,
333821107,4096,
333861106,4096,
333901107,4096,
333941107,4096,
333981107,4096,
334021107,4096,
334061107,4096,
334101107,4096,
334141107,4096,
334181107,4096,
334221106,4096,
334261106,4096,
334301107,4096,
334341106,4096,
334381106,4096,
334421107,4096,
334461107,4096,
334501107,4096,
334541106,4096,
334581106,4096,
334621106,4096,
334661106,4096,
334701107,4096,
334741107,4096,
3208897482,28691,
334821106,4096,
334861106,4096,
334901107,4096,
334941105,4096,
334981107,4096,
335021107,4096,
335061107,4096,
335101106,4096,
335141106,4096,
335181105,4096,
335221106,4096,
335261107,4096,
335301105,4096,
335341106,4096,
335381105,4096,
335421106,4096,
335461106,4096,
335501106,4096,
335541105,4096,
335581106,4096,
335621106,4096,
335661106,4096,
335701107,4096,
335741107,4096,
335781107,4096,
335821107,4096,
335861106,4096,
335901107,4096,
335941106,4096,
335981107,4096,
336021107,4096,
336061106,4096,
336101107,4096,
336141106,4096,
336181107,4096,
336221106,4096,
336261107,4096,
336301107,4096,
336341106,4096,
336381107,4096,
336421107,4096,
336461106,4096,
336501107,4096,
336541106,4096,
336581107,4096,
336621105,4096,
336661107,4096,
336701106,4096,
336741106,4096,
336781106,4096,
336821106,4096,
336861106,4096,
336901106,4096,
336941107,4096,
336981107,4096,
337021106,4096,
337061106,4096,
337101107,4096,
337141106,4096,
337181106,4096,
337221106,4096,
337261107,4096,
337301106,4096,
337341105,4096,
337381105,4096,
337421106,4096,
337461105,4096,
337501106,4096,
337541105,4096,
337581105,4096,
337621107,4096,
337661106,4096,
337701106,4096,
337741107,4096,
337781107,4096,
337821106,4096,
337861107,4096,
337901107,4096,
337941106,4096,
337981107,4096,
338021107,4096,
338061106,4096,
338101106,4096,
338141106,4096,
338181107,4096,
338221106,4096,
338261107,4096,
338301107,4096,
338341106,4096,
338381107,4096,
338421106,4096,
338461107,4096,
338501106,4096,
338541107,4096,
338581107,4096,
338621105,4096,
338661106,4096,
338701106,4096,
338741106,4096,
338781105,4096,
338821106,4096,
3794583020,12956,
338901107,4096,
338941106,4096,
338981107,4096,
339021107,4096,
339061106,4096,
339101107,4096,
339141107,4096,
339181107,4096,
339221106,4096,
339261106,4096,
339301105,4096,
339341106,4096,
339381107,4096,
339421107,4096,
339461106,4096,
339501105,4096,
339541107,4096,
339581105,4096,
339621106,4096,
339661105,4096,
339701106,4096,
339741106,4096,
339781107,4096,
339821107,4096,
339861106,4096,
339901106,4096,
339941106,4096,
339981107,4096,
340021107,4096,
340061106,4096,
340101107,4096,
340141107,4096,
340181106,4096,
340221106,4096,
340261107,4096,
340301107,4096,
340341106,4096,
340381106,4096,
340421106,4096,
340461106,4096,
340501107,4096,
340541107,4096,
340581107,4096,
340621107,4096,
340661107,4096,
340701107,4096,
340741107,4096,
340781106,4096,
340821106,4096,
340861106,4096,
340901107,4096,
340941106,4096,
340981106,4096,
341021107,4096,
341061107,4096,
341101107,4096,
341141106,4096,
341181105,4096,
341221106,4096,
341261107,4096,
341301105,4096,
341341106,4096,
341381106,4096,
341421107,4096,
341461106,4096,
341501106,4096,
341541106,4096,
341581106,4096,
341621105,4096,
341661105,4096,
341701105,4096,
341741107,4096,
341781106,4096,
341821106,4096,
341861105,4096,
341901106,4096,
341941107,4096,
341981106,4096,
342021106,4096,
342061106,4096,
342101107,4096,
342141107,4096,
342181105,4096,
342221107,4096,
342301107,4096,
342341106,4096,
342381106,4096,
342421106,4096,
342461106,4096,
342501106,4096,
342541105,4096,
342581107,4096,
342621107,4096,
342661107,4096,
342701105,4096,
342741106,4096,
342781106,4096,
342821107,4096,
342861106,4096,
3809787556,28893,
342901105,4096,
342981107,4096,
343021107,4096,
343061106,4096,
343101106,4096,
343141107,4096,
343181106,4096,
343221106,4096,
343261107,4096,
343301107,4096,
343341105,4096,
343381106,4096,
343421105,4096,
343461106,4096,
343501107,4096,
343541106,4096,
343581106,4096,
343621107,4096,
343661106,4096,
343701106,4096,
343741106,4096,
343781105,4096,
343821106,4096,
343861106,4096,
343901107,4096,
343941107,4096,
343981107,4096,
344021106,4096,
344061106,4096,
344101106,4096,
344141106,4096,
344181106,4096,
344221107,4096,
344261106,4096,
344301106,4096,
344341107,4096,
344381106,4096,
344421106,4096,
344461106,4096,
344501106,4096,
344541106,4096,
344581107,4096,
344661106,4096,
344701107,4096,
344741105,4096,
344781105,4096,
344821106,4096,
344861106,4096,
344901106,4096,
344941107,4096,
344981107,4096,
345021105,4096,
345061105,4096,
345101106,4096,
345141107,4096,
345181106,4096,
345221106,4096,
345261105,4096,
345301106,4096,
345341105,4096,
345381105,4096,
345421106,4096,
345461107,4096,
345501106,4096,
345541107,4096,
345581105,4096,
345621106,4096,
345661106,4096,
345701107,4096,
345741106,4096,
345821107,4096,
345861107,4096,
345901106,4096,
345941105,4096,
345981106,4096,
346021106,4096,
346061107,4096,
346101107,4096,
346141107,4096,
346181106,4096,
346221105,4096,
346261105,4096,
346301105,4096,
346341106,4096,
346381106,4096,
346421106,4096,
346461106,4096,
346501107,4096,
346541106,4096,
346581105,4096,
346621105,4096,
346661106,4096,
346701107,4096,
346741106,4096,
346781105,4096,
346821106,4096,
346861106,4096,
346901106,4096,
346941105,4096,
346981105,4096,
2510896640,-20705,
347061105,4096,
347101106,4096,
347141107,4096,
347181107,4096,
347221107,4096,
347261107,4096,
347301107,4096,
347341107,4096,
347381107,4096,
347421107,4096,
347461106,4096,
347501107,4096,
347541107,4096,
347581107,4096,
347621106,4096,
347661106,4096,
347701106,4096,
347741105,4096,
347781106,4096,
347821106,4096,
347861105,4096,
347901106,4096,
347941106,4096,
347981106,4096,
348021107,4096,
348061107,4096,
348101107,4096,
348141107,4096,
348181107,4096,
348221107,4096,
348261107,4096,
348301107,4096,
348341106,4096,
348381107,4096,
348421107,4096,
348461106,4096,
348501106,4096,
348541106,4096,
348581107,4096,
348621107,4096,
348661106,4096,
348701106,4096,
348741106,4096,
348781107,4096,
348821106,4096,
348861105,4096,
348901106,4096,
348941107,4096,
348981107,4096,
349021107,4096,
349061106,4096,
349101107,4096,
349141107,4096,
349181107,4096,
349221107,4096,
349261107,4096,
349301107,4096,
349341106,4096,
349381107,4096,
349421106,4096,
349461106,4096,
349501107,4096,
349541106,4096,
349581106,4096,
349621107,4096,
349661105,4096,
349701106,4096,
349741107,4096,
349781107,4096,
349821107,4096,
349861107,4096,
349901107,4096,
349941106,4096,
349981106,4096,
350021106,4096,
350061107,4096,
350101107,4096,
350141107,4096,
350181106,4096,
350221106,4096,
350261107,4096,
350301107,4096,
350341107,4096,
350381107,4096,
350421106,4096,
350461106,4096,
350501105,4096,
350541106,4096,
350581106,4096,
350621106,4096,
350661107,4096,
350701106,4096,
350741106,4096,
350781107,4096,
350821105,4096,
350861107,4096,
350901106,4096,
350941105,4096,
350981106,4096,
351021106,4096,
121748965,-4768,
351061106,4096,
351141107,4096,
351181106,4096,
351221106,4096,
351261105,4096,
351301106,4096,
351341107,4096,
351381105,4096,
351421106,4096,
351461106,4096,
351501105,4096,
351541106,4096,
351581106,4096,
351621106,4096,
351661106,4096,
351741106,4096,
351781106,4096,
351821106,4096,
351861106,4096,
351901106,4096,
351941106,4096,
351981106,4096,
352021107,4096,
352061107,4096,
352101105,4096,
352141106,4096,
352181106,4096,
352261107,4096,
352301106,4096,
352341106,4096,
352381105,4096,
352421105,4096,
352461106,4096,
352501107,4096,
352541107,4096,
352581106,4096,
352621106,4096,
352661107,4096,
352701106,4096,
352741106,4096,
352781107,4096,
352821107,4096,
352861106,4096,
352901107,4096,
352941106,4096,
352981107,4096,
353021106,4096,
353061107,4096,
353101105,4096,
353141106,4096,
353181107,4096,
353221107,4096,
353261106,4096,
353301105,4096,
353341106,4096,
353381106,4096,
353421107,4096,
353461106,4096,
353501105,4096,
353541106,4096,
353581106,4096,
353621106,4096,
353661106,4096,
353701105,4096,
353741106,4096,
353781106,4096,
353821107,4096,
353861105,4096,
353901106,4096,
353941106,4096,
353981107,4096,
354021106,4096,
354061106,4096,
354101107,4096,
354141105,4096,
354181107,4096,
354221105,4096,
354261107,4096,
354301107,4096,
354341105,4096,
354381107,4096,
354421106,4096,
354461105,4096,
354501106,4096,
354541107,4096,
354581106,4096,
354621107,4096,
354661107,4096,
354701107,4096,
354741106,4096,
354781106,4096,
354821105,4096,
354861107,4096,
354901106,4096,
354941106,4096,
354981107,4096,
355021107,4096,
355061107,4096,
355101107,4096,
355141106,4096,
1459994086,11170,
355221107,4096,
355261107,4096,
355301105,4096,
355341106,4096,
355381107,4096,
355421107,4096,
355461107,4096,
355541106,4096,
355581106,4096,
355621107,4096,
355661106,4096,
355701107,4096,
355741106,4096,
355781106,4096,
355821106,4096,
355861106,4096,
355901107,4096,
355941106,4096,
355981107,4096,
356021106,4096,
356061107,4096,
356101106,4096,
356141106,4096,
356181106,4096,
356221106,4096,
356261107,4096,
356301106,4096,
356341106,4096,
356381106,4096,
356421105,4096,
356461106,4096,
356501107,4096,
356541107,4096,
356581106,4096,
356621105,4096,
356661107,4096,
356701106,4096,
356741106,4096,
356781106,4096,
356821106,4096,
356861106,4096,
356901106,4096,
356941106,4096,
356981105,4096,
357021107,4096,
357061107,4096,
357101106,4096,
357141106,4096,
357181106,4096,
357221107,4096,
357261106,4096,
357301106,4096,
357341106,4096,
357381106,4096,
357421107,4096,
357461107,4096,
357501107,4096,
357541106,4096,
357581107,4096,
357621107,4096,
357661106,4096,
357701107,4096,
357741107,4096,
357781105,4096,
357821106,4096,
357861106,4096,
357901107,4096,
357941106,4096,
357981106,4096,
358021107,4096,
358061106,4096,
358101106,4096,
358141107,4096,
358181107,4096,
358221106,4096,
358261107,4096,
358301106,4096,
358341107,4096,
358381106,4096,
358421105,4096,
358461106,4096,
358501105,4096,
358541107,4096,
358581107,4096,
358621107,4096,
358661107,4096,
358701107,4096,
358741107,4096,
358781106,4096,
358821106,4096,
358861106,4096,
358901106,4096,
358941107,4096,
358981107,4096,
359021106,4096,
359061105,4096,
359101106,4096,
359141106,4096,
359181107,4096,
359221105,4096,
2823208423,27107,
359301107,4096,
359341106,4096,
359381106,4096,
359421106,4096,
359461107,4096,
359501105,4096,
359541106,4096,
359581106,4096,
359621105,4096,
359661105,4096,
359701106,4096,
359741107,4096,
359781106,4096,
359821106,4096,
359861107,4096,
359901107,4096,
359941106,4096,
359981105,4096,
360021106,4096,
360061107,4096,
360101105,4096,
360141107,4096,
360181106,4096,
360221107,4096,
360261106,4096,
360301106,4096,
360341107,4096,
360381106,4096,
360421106,4096,
360461106,4096,
360501107,4096,
360541107,4096,
360581107,4096,
360621106,4096,
360661107,4096,
360701105,4096,
360741107,4096,
360781106,4096,
360821107,4096,
360861106,4096,
360901106,4096,
360941106,4096,
360981105,4096,
361021106,4096,
361061107,4096,
361101107,4096,
361141106,4096,
361181106,4096,
361221106,4096,
361261106,4096,
361301106,4096,
361341107,4096,
361381107,4096,
361421106,4096,
361461106,4096,
361501106,4096,
361541106,4096,
361581107,4096,
361621107,4096,
361661106,4096,
361701106,4096,
361741107,4096,
361781107,4096,
361821106,4096,
361861107,4096,
361901107,4096,
361941106,4096,
361981107,4096,
362021107,4096,
362061107,4096,
362101107,4096,
362141105,4096,
362181106,4096,
362221106,4096,
362261106,4096,
362301107,4096,
362341107,4096,
362381107,4096,
362421105,4096,
362461106,4096,
362501106,4096,
362541107,4096,
362581107,4096,
362621106,4096,
362661105,4096,
362701107,4096,
362741106,4096,
362781107,4096,
362821107,4096,
362861106,4096,
362901107,4096,
362941107,4096,
362981106,4096,
363021106,4096,
363061107,4096,
363101107,4096,
363141107,4096,
363181106,4096,
363221106,4096,
363261107,4096,
363301106,4096,
3857956329,-22491,
363381106,4096,
363421105,4096,
363461106,4096,
363501107,4096,
363541106,4096,
363581106,4096,
363621106,4096,
363661107,4096,
363701106,4096,
363741107,4096,
363781107,4096,
363821106,4096,
363861107,4096,
363901106,4096,
363941107,4096,
363981107,4096,
364021106,4096,
364061106,4096,
364101107,4096,
364141105,4096,
364181106,4096,
364221106,4096,
364261107,4096,
364301107,4096,
364341106,4096,
364381107,4096,
364421106,4096,
364461106,4096,
364501107,4096,
364541105,4096,
364581106,4096,
364621105,4096,
364661106,4096,
364701107,4096,
364741107,4096,
364781107,4096,
364821107,4096,
364861107,4096,
364901107,4096,
364941106,4096,
364981106,4096,
365021106,4096,
365061105,4096,
365101106,4096,
365141107,4096,
365181107,4096,
365221107,4096,
365261107,4096,
365301106,4096,
365341107,4096,
365381106,4096,
365421106,4096,
365461105,4096,
365501107,4096,
365541106,4096,
365581107,4096,
365621107,4096,
365661106,4096,
365701105,4096,
365741107,4096,
365781105,4096,
365821107,4096,
365861106,4096,
365901106,4096,
365941106,4096,
365981107,4096,
366021106,4096,
366061106,4096,
366101107,4096,
366141106,4096,
366181107,4096,
366221106,4096,
366261107,4096,
366301106,4096,
366341106,4096,
366381106,4096,
366421106,4096,
366461105,4096,
366501107,4096,
366541106,4096,
366581107,4096,
366621107,4096,
366661107,4096,
366701107,4096,
366741107,4096,
366781105,4096,
366821106,4096,
366861107,4096,
366901105,4096,
366941106,4096,
366981107,4096,
367021107,4096,
367061106,4096,
367101107,4096,
367141106,4096,
367181107,4096,
367221105,4096,
367261105,4096,
367301106,4096,
367341105,4096,
367381107,4096,
761249258,-6554,
367461107,4096,
367501106,4096,
367541107,4096,
367581105,4096,
367621106,4096,
367661107,4096,
367701106,4096,
367741106,4096,
367781107,4096,
367821106,4096,
367861105,4096,
367901106,4096,
367941106,4096,
367981105,4096,
368021106,4096,
368061106,4096,
368101107,4096,
368141107,4096,
368181107,4096,
368221107,4096,
368261107,4096,
368301107,4096,
368341105,4096,
368381106,4096,
368421106,4096,
368461106,4096,
368501107,4096,
368541106,4096,
368581106,4096,
368621105,4096,
368661106,4096,
368701106,4096,
368741106,4096,
368781107,4096,
368821106,4096,
368861105,4096,
368901106,4096,
368941107,4096,
368981106,4096,
369021107,4096,
369061106,4096,
369101106,4096,
369141107,4096,
369181107,4096,
369221107,4096,
369261107,4096,
369301107,4096,
369341106,4096,
369381107,4096,
369421106,4096,
369461107,4096,
369501106,4096,
369541107,4096,
369581106,4096,
369621106,4096,
369661106,4096,
369701107,4096,
369741106,4096,
369781107,4096,
369821106,4096,
369861107,4096,
369901106,4096,
369941106,4096,
369981107,4096,
370021105,4096,
370061106,4096,
370101106,4096,
370141106,4096,
370181107,4096,
370221107,4096,
370261107,4096,
370301107,4096,
370341105,4096,
370381106,4096,
370421106,4096,
370461106,4096,
370501107,4096,
370541106,4096,
370581106,4096,
370621107,4096,
370661105,4096,
370741107,4096,
370781107,4096,
370821107,4096,
370861107,4096,
370901107,4096,
370941107,4096,
370981106,4096,
371021105,4096,
371061107,4096,
371101107,4096,
371141106,4096,
371181107,4096,
371221107,4096,
371261106,4096,
371301106,4096,
371341105,4096,
371381105,4096,
371421107,4096,
3200222750,-4842,
371461106,4096,
371541105,4096,
371581107,4096,
371621105,4096,
371661106,4096,
371701106,4096,
371741107,4096,
371781107,4096,
371821107,4096,
371861107,4096,
371901107,4096,
371941106,4096,
371981107,4096,
372021107,4096,
372061106,4096,
372101107,4096,
372141105,4096,
372181107,4096,
372221106,4096,
372261107,4096,
372301107,4096,
372341106,4096,
372381106,4096,
372421105,4096,
372461106,4096,
372501105,4096,
372541106,4096,
372581106,4096,
372621106,4096,
372661106,4096,
372701106,4096,
372741106,4096,
372781106,4096,
372821106,4096,
372861106,4096,
372901107,4096,
372941106,4096,
372981107,4096,
373021106,4096,
373061105,4096,
373101106,4096,
373141106,4096,
373181107,4096,
373221107,4096,
373261107,4096,
373301106,4096,
373341107,4096,
373381106,4096,
373421107,4096,
373461107,4096,
373501106,4096,
373541106,4096,
373581106,4096,
373621106,4096,
373661107,4096,
373701107,4096,
373741107,4096,
373781107,4096,
373821106,4096,
373861106,4096,
373901106,4096,
373941106,4096,
373981106,4096,
374021106,4096,
374061106,4096,
374101105,4096,
374141107,4096,
374181106,4096,
374221107,4096,
374261107,4096,
374301107,4096,
374341107,4096,
374381107,4096,
374421106,4096,
374461107,4096,
374501106,4096,
374541106,4096,
374581106,4096,
374621107,4096,
374701106,4096,
374741105,4096,
374781106,4096,
374821106,4096,
374861106,4096,
374901107,4096,
374941107,4096,
374981106,4096,
375021106,4096,
375061107,4096,
375101106,4096,
375141105,4096,
375181107,4096,
375221107,4096,
375261106,4096,
375301106,4096,
375341106,4096,
375381106,4096,
375421106,4096,
375461106,4096,
375501106,4096,
375541106,4096,
375581106,4096,
3334061549,25477,
375661106,4096,
375701107,4096,
375741106,4096,
375781105,4096,
375821106,4096,
375861106,4096,
375901105,4096,
375941106,4096,
375981107,4096,
376021106,4096,
376061106,4096,
376101106,4096,
376141107,4096,
376181105,4096,
376221106,4096,
376261107,4096,
376301105,4096,
376341107,4096,
376381105,4096,
376421106,4096,
376461107,4096,
376501107,4096,
376541106,4096,
376581107,4096,
376621106,4096,
376661106,4096,
376701106,4096,
376741106,4096,
376781107,4096,
376821106,4096,
376861106,4096,
376901106,4096,
376941106,4096,
376981106,4096,
377021106,4096,
377061107,4096,
377101107,4096,
377141105,4096,
377181107,4096,
377221107,4096,
377261107,4096,
377301107,4096,
377341106,4096,
377381106,4096,
377421107,4096,
377461106,4096,
377501107,4096,
377541105,4096,
377581107,4096,
377621106,4096,
377661106,4096,
377701107,4096,
377741106,4096,
377781107,4096,
377821107,4096,
377861107,4096,
377901106,4096,
377941107,4096,
377981106,4096,
378021106,4096,
378061106,4096,
378101106,4096,
378141107,4096,
378181105,4096,
378221107,4096,
378261106,4096,
378301106,4096,
378341107,4096,
378381106,4096,
378421106,4096,
378461107,4096,
378501106,4096,
378541106,4096,
378621107,4096,
378661106,4096,
378701106,4096,
378741106,4096,
378781107,4096,
378821106,4096,
378861105,4096,
378901105,4096,
378941106,4096,
378981106,4096,
379021107,4096,
379061107,4096,
379101107,4096,
379141106,4096,
379181107,4096,
379221106,4096,
379261106,4096,
379301106,4096,
379341106,4096,
379381106,4096,
379421107,4096,
379461107,4096,
379501106,4096,
379541106,4096,
379581106,4096,
379621107,4096,
379661106,4096,
379701107,4096,
167951854,-23965,
379781106,4096,
379821107,4096,
379861106,4096,
379901106,4096,
379941106,4096,
379981106,4096,
380021106,4096,
380061106,4096,
380101107,4096,
380141107,4096,
380181107,4096,
380221106,4096,
380261107,4096,
380301107,4096,
380341107,4096,
380381106,4096,
380421106,4096,
380461106,4096,
380501107,4096,
380541106,4096,
380581107,4096,
380621105,4096,
380661106,4096,
380701107,4096,
380741105,4096,
380781105,4096,
380821106,4096,
380861105,4096,
380901107,4096,
380941106,4096,
380981107,4096,
381021105,4096,
381061106,4096,
381101106,4096,
381141107,4096,
381181107,4096,
381221106,4096,
381261105,4096,
381301107,4096,
381341106,4096,
381381107,4096,
381421106,4096,
381461107,4096,
381501106,4096,
381541105,4096,
381581107,4096,
381621106,4096,
381661107,4096,
381701107,4096,
381741106,4096,
381781107,4096,
381821106,4096,
381861106,4096,
381901106,4096,
381941107,4096,
381981106,4096,
382021107,4096,
382061107,4096,
382101105,4096,
382141106,4096,
382181106,4096,
382221105,4096,
382261107,4096,
382301106,4096,
382341106,4096,
382381105,4096,
382421105,4096,
382461107,4096,
382501107,4096,
382541106,4096,
382581107,4096,
382621105,4096,
382661107,4096,
382701106,4096,
382741107,4096,
382781105,4096,
382821106,4096,
382861106,4096,
382901107,4096,
382941106,4096,
382981106,4096,
383021106,4096,
383061106,4096,
383101106,4096,
383141106,4096,
383181107,4096,
383221107,4096,
383261106,4096,
383301107,4096,
383341107,4096,
383381106,4096,
383421106,4096,
383461107,4096,
383501107,4096,
383541106,4096,
383581105,4096,
383621106,4096,
383661106,4096,
383701106,4096,
383741106,4096,
383781107,4096,
383821106,4096,
966704624,-7871,
383901106,4096,
383941106,4096,
383981107,4096,
384021106,4096,
384061106,4096,
384101107,4096,
384141105,4096,
384181106,4096,
384221107,4096,
384261106,4096,
384301107,4096,
384341106,4096,
384381105,4096,
384421106,4096,
384461105,4096,
384501107,4096,
384541107,4096,
384581106,4096,
384621107,4096,
384661106,4096,
384701106,4096,
384741106,4096,
384781106,4096,
384821107,4096,
384861106,4096,
384901107,4096,
384941106,4096,
384981106,4096,
385021105,4096,
385061106,4096,
385101106,4096,
385141107,4096,
385181107,4096,
385221107,4096,
385261106,4096,
385301107,4096,
385341106,4096,
385381106,4096,
385421106,4096,
385461105,4096,
385501106,4096,
385541106,4096,
385581106,4096,
385621107,4096,
385661106,4096,
385701106,4096,
385741106,4096,
385781106,4096,
385821107,4096,
385861106,4096,
385901107,4096,
385941106,4096,
385981106,4096,
386021106,4096,
386061106,4096,
386101106,4096,
386141107,4096,
386181106,4096,
386221107,4096,
386261107,4096,
386301107,4096,
386341106,4096,
386381107,4096,
386421106,4096,
386461107,4096,
386501106,4096,
386541107,4096,
386581106,4096,
386621106,4096,
386661107,4096,
386701107,4096,
386741106,4096,
386781107,4096,
386821107,4096,
386861106,4096,
386901107,4096,
386941106,4096,
386981107,4096,
387021106,4096,
387061106,4096,
387101106,4096,
387141106,4096,
387181107,4096,
387221106,4096,
387261106,4096,
387301106,4096,
387341107,4096,
387381107,4096,
387461106,4096,
387501106,4096,
387541106,4096,
387581107,4096,
387621106,4096,
387661107,4096,
387701107,4096,
387741107,4096,
387781106,4096,
387821106,4096,
387861107,4096,
387901105,4096,
1856355825,8223,
387941106,4096,
388021106,4096,
388061106,4096,
388101107,4096,
388141106,4096,
388181105,4096,
388221105,4096,
388261107,4096,
388301106,4096,
388341106,4096,
388381107,4096,
388421107,4096,
388461107,4096,
388501106,4096,
388541106,4096,
388581106,4096,
388621107,4096,
388661107,4096,
388701107,4096,
388741107,4096,
388781106,4096,
388821107,4096,
388861105,4096,
388901107,4096,
388941106,4096,
388981107,4096,
389021106,4096,
389061106,4096,
389101106,4096,
389141107,4096,
389181107,4096,
389221105,4096,
389261106,4096,
389301106,4096,
389341106,4096,
389381106,4096,
389421107,4096,
389461107,4096,
389501106,4096,
389541107,4096,
389581106,4096,
389621106,4096,
389661106,4096,
389701107,4096,
389741106,4096,
389781105,4096,
389821107,4096,
389861107,4096,
389901107,4096,
389941107,4096,
389981106,4096,
390021106,4096,
390061106,4096,
390101107,4096,
390141106,4096,
390181106,4096,
390221106,4096,
390261105,4096,
390341106,4096,
390381107,4096,
390421105,4096,
390461106,4096,
390501106,4096,
390541106,4096,
390581107,4096,
390621107,4096,
390661106,4096,
390701106,4096,
390741107,4096,
390781106,4096,
390821107,4096,
390861106,4096,
390901105,4096,
390941106,4096,
390981106,4096,
391021107,4096,
391061107,4096,
391101107,4096,
391141106,4096,
391181107,4096,
391221107,4096,
391261107,4096,
391301106,4096,
391341107,4096,
391381105,4096,
391421107,4096,
391461106,4096,
391501106,4096,
391541105,4096,
391581106,4096,
391621107,4096,
391661107,4096,
391701106,4096,
391741106,4096,
391781106,4096,
391821107,4096,
391861107,4096,
391901106,4096,
391941105,4096,
391981107,4096,
392021107,4096,
392061106,4096,
2851192064,24316,
392141106,4096,
392181106,4096,
392221107,4096,
392261107,4096,
392301105,4096,
392341106,4096,
392381106,4096,
392421106,4096,
392461107,4096,
392501106,4096,
392541106,4096,
392621106,4096,
392661106,4096,
392701107,4096,
392741106,4096,
392781106,4096,
392821107,4096,
392861106,4096,
392901106,4096,
392941107,4096,
392981106,4096,
393021107,4096,
393061106,4096,
393101106,4096,
393141106,4096,
393181106,4096,
393221106,4096,
393261106,4096,
393301105,4096,
393341107,4096,
393381107,4096,
393421107,4096,
393461106,4096,
393501107,4096,
393541107,4096,
393581106,4096,
393621107,4096,
393661106,4096,
393701106,4096,
393741107,4096,
393821106,4096,
393861106,4096,
393901107,4096,
393941106,4096,
393981106,4096,
394021107,4096,
394061105,4096,
394101106,4096,
394141107,4096,
394181107,4096,
394221106,4096,
394261106,4096,
394301106,4096,
394341107,4096,
394381106,4096,
394421107,4096,
394461105,4096,
394501107,4096,
394541107,4096,
394581105,4096,
394621106,4096,
394661106,4096,
394701107,4096,
394741105,4096,
394781107,4096,
394821107,4096,
394941107,4096,
394981106,4096,
395021107,4096,
395061107,4096,
395101107,4096,
395141105,4096,
395181105,4096,
395221107,4096,
395261107,4096,
395301106,4096,
395341106,4096,
395381106,4096,
395421106,4096,
395461107,4096,
395501106,4096,
395541107,4096,
395581106,4096,
395621107,4096,
395661106,4096,
395701107,4096,
395741106,4096,
395781107,4096,
395821107,4096,
395861105,4096,
395901107,4096,
395941107,4096,
395981107,4096,
396021107,4096,
396061107,4096,
396101106,4096,
396141107,4096,
396181106,4096,
3796090356,-25126,
396261106,4096,
396341106,4096,
396381106,4096,
396421106,4096,
396461105,4096,
396501105,4096,
396541107,4096,
396581106,4096,
396621106,4096,
396661107,4096,
396701106,4096,
396741107,4096,
396781106,4096,
396821107,4096,
396861107,4096,
396901105,4096,
396941105,4096,
396981105,4096,
397021107,4096,
397061107,4096,
397101107,4096,
397141107,4096,
397181107,4096,
397221107,4096,
397261106,4096,
397301107,4096,
397341106,4096,
397381107,4096,
397421105,4096,
397461106,4096,
397501106,4096,
397541106,4096,
397581107,4096,
397621107,4096,
397661105,4096,
397701105,4096,
397741107,4096,
397781107,4096,
397821106,4096,
397861107,4096,
397901106,4096,
397941106,4096,
397981107,4096,
398021105,4096,
398061106,4096,
398101106,4096,
398141106,4096,
398181107,4096,
398221107,4096,
398261106,4096,
398301106,4096,
398341105,4096,
398381106,4096,
398421107,4096,
398461106,4096,
398501107,4096,
398541106,4096,
398581106,4096,
398621107,4096,
398661107,4096,
398701106,4096,
398741107,4096,
398781106,4096,
398821107,4096,
398861106,4096,
398901107,4096,
398941107,4096,
399021107,4096,
399061106,4096,
399101105,4096,
399141106,4096,
399181107,4096,
399261107,4096,
399301107,4096,
399341106,4096,
399381106,4096,
399421107,4096,
399461106,4096,
399501107,4096,
399541105,4096,
399581107,4096,
399621106,4096,
399661106,4096,
399701105,4096,
399741107,4096,
399781107,4096,
399821106,4096,
399861107,4096,
399901106,4096,
399941106,4096,
399981107,4096,
400021106,4096,
400061106,4096,
400101107,4096,
400141106,4096,
400181107,4096,
400221106,4096,
400261106,4096,
400301106,4096,
637058550,-9032,
400381106,4096,
400421107,4096,
400461106,4096,
400501105,4096,
400541106,4096,
400581106,4096,
400621106,4096,
400661106,4096,
400701106,4096,
400741106,4096,
400781107,4096,
400821106,4096,
400861106,4096,
400901107,4096,
67372036,1028,
400981106,4096,
401021107,4096,
401061106,4096,
401101106,4096,
401141105,4096,
401181107,4096,
401221107,4096,
401261107,4096,
401301106,4096,
401341107,4096,
401381106,4096,
401421106,4096,
401461107,4096,
401501106,4096,
401541107,4096,
401581107,4096,
401621107,4096,
401661106,4096,
401741107,4096,
401781107,4096,
401821105,4096,
401861107,4096,
401901106,4096,
401941106,4096,
401981106,4096,
402021106,4096,
402061107,4096,
402101107,4096,
402141106,4096,
402181107,4096,
402221106,4096,
402261105,4096,
402301106,4096,
402341107,4096,
402381107,4096,
402421106,4096,
402461107,4096,
402501107,4096,
402541107,4096,
402581107,4096,
402621105,4096,
402661106,4096,
402701107,4096,
402741107,4096,
402781107,4096,
402821106,4096,
402861107,4096,
402901107,4096,
402941107,4096,
402981107,4096,
403021107,4096,
403061106,4096,
403101107,4096,
403141107,4096,
403181107,4096,
403221107,4096,
403261106,4096,
403301107,4096,
403341106,4096,
403381106,4096,
403421106,4096,
403461107,4096,
403501106,4096,
403541106,4096,
403581107,4096,
403621106,4096,
403661107,4096,
403701107,4096,
403741107,4096,
403781106,4096,
403821106,4096,
403861106,4096,
403901106,4096,
403941106,4096,
403981106,4096,
404021107,4096,
404061106,4096,
404101107,4096,
404141106,4096,
404181106,4096,
404221106,4096,
404261107,4096,
404301107,4096,
404341107,4096,
404381107,4096,
404421107,4096,
1685110264,7062,
404501105,4096,
404541107,4096,
404581105,4096,
404621107,4096,
404661106,4096,
404701106,4096,
404741107,4096,
404781106,4096,
404821106,4096,
404861106,4096,
404901106,4096,
404941106,4096,
404981106,4096,
405021107,4096,
405061105,4096,
405101105,4096,
405141107,4096,
405181105,4096,
405221106,4096,
405261106,4096,
405301106,4096,
405341107,4096,
405381106,4096,
405421107,4096,
405461107,4096,
405501107,4096,
405541107,4096,
405581106,4096,
405621106,4096,
405661106,4096,
405701106,4096,
405741106,4096,
405781107,4096,
405821106,4096,
405861105,4096,
405901107,4096,
405941107,4096,
405981107,4096,
406021107,4096,
406061107,4096,
406101107,4096,
406141107,4096,
406181107,4096,
406221106,4096,
406261106,4096,
406301105,4096,
406341106,4096,
406381107,4096,
406421106,4096,
406461107,4096,
406501106,4096,
406541107,4096,
406581106,4096,
406621107,4096,
406661107,4096,
406701106,4096,
406741106,4096,
406781107,4096,
406821106,4096,
406861107,4096,
406901106,4096,
406941105,4096,
406981107,4096,
407021106,4096,
407061106,4096,
407101106,4096,
407141107,4096,
407181106,4096,
407221106,4096,
407261107,4096,
407301106,4096,
407341107,4096,
407381107,4096,
407421105,4096,
407461107,4096,
407501107,4096,
407541106,4096,
407581107,4096,
407621105,4096,
407661106,4096,
407701106,4096,
407741106,4096,
407781107,4096,
407821107,4096,
407861107,4096,
407901107,4096,
407941106,4096,
407981107,4096,
408021107,4096,
408061106,4096,
408101106,4096,
408141107,4096,
408181105,4096,
408221105,4096,
408261107,4096,
408301107,4096,
408341106,4096,
408381106,4096,
408421106,4096,
408461107,4096,
408501106,4096,
408541107,4096,
2871180793,23155,
408621107,4096,
408661106,4096,
408701106,4096,
408741106,4096,
408781106,4096,
408821107,4096,
408861107,4096,
408901107,4096,
408941106,4096,
408981107,4096,
409021107,4096,
409061107,4096,
409101107,4096,
409141106,4096,
409181107,4096,
409221107,4096,
409261107,4096,
409301107,4096,
409341107,4096,
409381106,4096,
409421106,4096,
409461107,4096,
409501105,4096,
409541107,4096,
409581106,4096,
409621105,4096,
409661107,4096,
409701105,4096,
409741107,4096,
409781106,4096,
409821106,4096,
409861107,4096,
409901107,4096,
409941107,4096,
409981106,4096,
410021106,4096,
410061107,4096,
410101107,4096,
410141106,4096,
410181107,4096,
410221107,4096,
410261106,4096,
410301106,4096,
410341107,4096,
410381105,4096,
410421107,4096,
410461106,4096,
410501105,4096,
410541106,4096,
410581107,4096,
410621107,4096,
410661107,4096,
410701107,4096,
410741106,4096,
410781106,4096,
410821106,4096,
410861106,4096,
410901106,4096,
410941107,4096,
410981105,4096,
411021105,4096,
411061106,4096,
411101106,4096,
411141106,4096,
411181106,4096,
411221105,4096,
411261107,4096,
411301107,4096,
411341107,4096,
411381106,4096,
411421106,4096,
411461106,4096,
411501107,4096,
411541107,4096,
411581106,4096,
411621106,4096,
411661106,4096,
411701106,4096,
411741106,4096,
411781106,4096,
411821106,4096,
411861107,4096,
411901106,4096,
411941107,4096,
411981105,4096,
412021105,4096,
412061105,4096,
412101107,4096,
412141107,4096,
412181106,4096,
412221106,4096,
412261105,4096,
412301107,4096,
412341107,4096,
412381107,4096,
412421107,4096,
412461105,4096,
412501106,4096,
412541106,4096,
412581106,4096,
412621107,4096,
3530341883,-26287,
412661107,4096,
412741105,4096,
412781107,4096,
412821106,4096,
412861107,4096,
412901106,4096,
412941106,4096,
412981107,4096,
413021107,4096,
413061106,4096,
413101107,4096,
413141106,4096,
413181106,4096,
413221107,4096,
413261106,4096,
413301106,4096,
413341107,4096,
413381106,4096,
413421106,4096,
413461107,4096,
413501107,4096,
413541107,4096,
413581107,4096,
413621106,4096,
413661107,4096,
413701107,4096,
413741107,4096,
413781107,4096,
413821107,4096,
413861107,4096,
413901105,4096,
413941106,4096,
413981106,4096,
414021107,4096,
414061106,4096,
414101106,4096,
414141106,4096,
414181106,4096,
414221107,4096,
414261107,4096,
414301106,4096,
414341106,4096,
414381106,4096,
414421106,4096,
414501106,4096,
414541106,4096,
414581106,4096,
414621106,4096,
414661107,4096,
414701105,4096,
414741107,4096,
414781105,4096,
414821107,4096,
414861107,4096,
414901107,4096,
414941107,4096,
414981106,4096,
415021106,4096,
415061105,4096,
415101105,4096,
415141105,4096,
415181107,4096,
415221106,4096,
415261106,4096,
415301106,4096,
415341107,4096,
415381107,4096,
415421106,4096,
415461105,4096,
415501106,4096,
415541106,4096,
415581107,4096,
415621107,4096,
415661105,4096,
415701107,4096,
415741106,4096,
415781107,4096,
415821106,4096,
415861107,4096,
415901106,4096,
415941107,4096,
415981107,4096,
416021106,4096,
416061105,4096,
416101105,4096,
416141106,4096,
416181106,4096,
416221107,4096,
416261106,4096,
416301107,4096,
416341106,4096,
416381105,4096,
416421106,4096,
416461106,4096,
416501106,4096,
416541106,4096,
416581107,4096,
416621106,4096,
416661105,4096,
416701106,4096,
416741106,4096,
104447484,-10193,
416781106,4096,
416861106,4096,
416901106,4096,
416941107,4096,
416981107,4096,
417021107,4096,
417061107,4096,
417101106,4096,
417141106,4096,
417181107,4096,
417221106,4096,
417261106,4096,
417301107,4096,
417341106,4096,
417381106,4096,
417421105,4096,
417461107,4096,
417501106,4096,
417541107,4096,
417581106,4096,
417621106,4096,
417661107,4096,
417701106,4096,
417781106,4096,
417821105,4096,
417861107,4096,
417901105,4096,
417941107,4096,
417981106,4096,
418021106,4096,
418061106,4096,
418101106,4096,
418141106,4096,
418181107,4096,
418221106,4096,
418261106,4096,
418301106,4096,
418341107,4096,
418381107,4096,
418421105,4096,
418461107,4096,
418501106,4096,
418541105,4096,
418581107,4096,
418621107,4096,
418661107,4096,
418701107,4096,
418741107,4096,
418781106,4096,
418821106,4096,
418861105,4096,
418901106,4096,
418941106,4096,
418981106,4096,
419021107,4096,
419061107,4096,
419101107,4096,
419141107,4096,
419181107,4096,
419221106,4096,
419261107,4096,
419301107,4096,
419341107,4096,
419381106,4096,
419421107,4096,
419461107,4096,
419501107,4096,
419541105,4096,
419581107,4096,
419661106,4096,
419701107,4096,
419741107,4096,
419781106,4096,
419821107,4096,
419901106,4096,
419941106,4096,
419981107,4096,
420021106,4096,
420061106,4096,
420101106,4096,
420141107,4096,
420181107,4096,
420221107,4096,
420261106,4096,
420301105,4096,
420341106,4096,
420381107,4096,
420421107,4096,
420461107,4096,
420501105,4096,
420541107,4096,
420581107,4096,
420621107,4096,
420661107,4096,
420701107,4096,
420741106,4096,
420781107,4096,
420821106,4096,
420861107,4096,
801160702,5901,
420981106,4096,
421021107,4096,
421061107,4096,
421101107,4096,
421141106,4096,
421181107,4096,
421221107,4096,
421261107,4096,
421301107,4096,
421341107,4096,
421381107,4096,
421421106,4096,
421461106,4096,
421501105,4096,
421541107,4096,
421581106,4096,
421621106,4096,
421661105,4096,
421701106,4096,
421741107,4096,
421781106,4096,
421821106,4096,
421861107,4096,
421901106,4096,
421941106,4096,
421981107,4096,
422021106,4096,
422061107,4096,
422101106,4096,
422141107,4096,
422181107,4096,
422221107,4096,
422261106,4096,
422301107,4096,
422341107,4096,
422381106,4096,
422421106,4096,
422461106,4096,
422501107,4096,
218959117,3341,
422581107,4096,
422621106,4096,
422661106,4096,
422701106,4096,
422741105,4096,
422781107,4096,
422861106,4096,
422901106,4096,
422941106,4096,
422981107,4096,
423021107,4096,
423061107,4096,
423101107,4096,
423141107,4096,
423181105,4096,
423221106,4096,
423261107,4096,
423301107,4096,
423341106,4096,
423381107,4096,
423421106,4096,
423461106,4096,
423501106,4096,
423541106,4096,
423581106,4096,
423621105,4096,
423661107,4096,
423701106,4096,
423741106,4096,
423781106,4096,
423821105,4096,
423861106,4096,
423901107,4096,
423941105,4096,
423981107,4096,
424021106,4096,
424061107,4096,
424101107,4096,
424141106,4096,
424181106,4096,
424221106,4096,
424261105,4096,
424301106,4096,
424341106,4096,
424381106,4096,
424421106,4096,
424461106,4096,
424501106,4096,
424541106,4096,
424581106,4096,
424621105,4096,
424661107,4096,
424701106,4096,
424741106,4096,
424781105,4096,
424821107,4096,
424861107,4096,
424901107,4096,
424941107,4096,
424981106,4096,
1603517951,21994,
425021107,4096,
425101106,4096,
425141106,4096,
425181107,4096,
425221106,4096,
425261107,4096,
425301105,4096,
425341106,4096,
425381106,4096,
425421106,4096,
425461106,4096,
425541106,4096,
425581106,4096,
425621107,4096,
425661106,4096,
425701107,4096,
425741106,4096,
425781107,4096,
425821106,4096,
425901107,4096,
425941107,4096,
425981107,4096,
426021106,4096,
426061106,4096,
426101106,4096,
426141107,4096,
426181107,4096,
426221106,4096,
426261107,4096,
426301106,4096,
426341107,4096,
426381107,4096,
426421105,4096,
426461106,4096,
426501107,4096,
426541106,4096,
426581107,4096,
426621107,4096,
426661106,4096,
426701105,4096,
426741106,4096,
426781106,4096,
426821106,4096,
426861105,4096,
426901107,4096,
426941107,4096,
426981107,4096,
427021107,4096,
427061106,4096,
427101107,4096,
427141105,4096,
427181106,4096,
427221107,4096,
427261107,4096,
427301106,4096,
427341107,4096,
427381106,4096,
427421106,4096,
427461106,4096,
427501106,4096,
427541107,4096,
427581107,4096,
427621106,4096,
427661107,4096,
427701106,4096,
427741106,4096,
427781106,4096,
427821106,4096,
427861107,4096,
427901107,4096,
427941106,4096,
427981105,4096,
428021107,4096,
428061107,4096,
428101106,4096,
428141106,4096,
428181107,4096,
428221106,4096,
428261107,4096,
428301106,4096,
428341106,4096,
428381106,4096,
428421106,4096,
428461106,4096,
428501106,4096,
428541106,4096,
428581107,4096,
428621106,4096,
428661106,4096,
428701105,4096,
428741106,4096,
428781107,4096,
428821107,4096,
428861106,4096,
428901106,4096,
428941107,4096,
428981107,4096,
429021107,4096,
429061106,4096,
2541731328,-27604,
429101106,4096,
429181107,4096,
429221106,4096,
429261106,4096,
429301106,4096,
429341107,4096,
429381106,4096,
429421107,4096,
429461107,4096,
429501106,4096,
429541106,4096,
429581106,4096,
429621106,4096,
429661106,4096,
429701107,4096,
429741106,4096,
429821107,4096,
429861105,4096,
429901106,4096,
429941107,4096,
429981107,4096,
430021106,4096,
430061107,4096,
430101107,4096,
430141107,4096,
430181107,4096,
430221107,4096,
430261106,4096,
430301107,4096,
430341107,4096,
430381107,4096,
430421107,4096,
430461106,4096,
430501106,4096,
430541105,4096,
430581107,4096,
430621107,4096,
430661106,4096,
430701107,4096,
430741105,4096,
430781107,4096,
430821107,4096,
430861107,4096,
430901106,4096,
430941107,4096,
430981106,4096,
431021105,4096,
431061107,4096,
431101107,4096,
431141106,4096,
431181106,4096,
431221107,4096,
431261106,4096,
431301106,4096,
431341105,4096,
431381107,4096,
431421106,4096,
431461107,4096,
431501107,4096,
431541106,4096,
431581107,4096,
431621107,4096,
431661106,4096,
431701107,4096,
431741107,4096,
431781107,4096,
431821106,4096,
431861106,4096,
431901107,4096,
431941107,4096,
431981107,4096,
432021106,4096,
432061106,4096,
432101107,4096,
432141107,4096,
432181107,4096,
432221107,4096,
432261107,4096,
432301106,4096,
432341107,4096,
432381107,4096,
432421107,4096,
432461106,4096,
432501106,4096,
432541105,4096,
432581105,4096,
432621106,4096,
432661107,4096,
432701105,4096,
432741106,4096,
432781107,4096,
432821106,4096,
432861106,4096,
432901106,4096,
432941107,4096,
432981107,4096,
433021105,4096,
433061106,4096,
433101107,4096,
433141106,4096,
3764436481,-11823,
433221106,4096,
433261107,4096,
433301106,4096,
433341106,4096,
433381106,4096,
433421106,4096,
433461106,4096,
433501106,4096,
433541107,4096,
433581106,4096,
433621107,4096,
433661107,4096,
433701106,4096,
433741107,4096,
433781106,4096,
433821106,4096,
433861107,4096,
433901106,4096,
433941106,4096,
433981106,4096,
434021107,4096,
434061106,4096,
434101106,4096,
434141107,4096,
434181106,4096,
434221107,4096,
434261106,4096,
434301106,4096,
434341106,4096,
434381106,4096,
434421105,4096,
434461106,4096,
434501105,4096,
434541105,4096,
434581106,4096,
434621106,4096,
434661106,4096,
434701107,4096,
434741106,4096,
434781107,4096,
434821106,4096,
434861107,4096,
434901106,4096,
434941107,4096,
434981106,4096,
435021107,4096,
435061107,4096,
435101106,4096,
435141106,4096,
435181105,4096,
435221107,4096,
435261106,4096,
435301106,4096,
435341106,4096,
435381106,4096,
435421105,4096,
435461106,4096,
435501107,4096,
435541106,4096,
435581106,4096,
435621107,4096,
435661106,4096,
435701105,4096,
435741106,4096,
435781106,4096,
435821107,4096,
435861106,4096,
435901106,4096,
435941106,4096,
435981107,4096,
436021105,4096,
436061106,4096,
436101105,4096,
436141106,4096,
436181107,4096,
436221106,4096,
436261106,4096,
436301107,4096,
436341106,4096,
436381105,4096,
436421106,4096,
436461107,4096,
436501106,4096,
436541107,4096,
436581106,4096,
436621106,4096,
436661106,4096,
436701107,4096,
436741106,4096,
436781107,4096,
436821106,4096,
436861107,4096,
436901105,4096,
436941107,4096,
436981106,4096,
437021106,4096,
437061106,4096,
437101107,4096,
437141107,4096,
500874754,3958,
437181106,4096,
437261106,4096,
437301106,4096,
437341107,4096,
437381106,4096,
437421107,4096,
437461106,4096,
437501106,4096,
437541107,4096,
437581107,4096,
437621107,4096,
437661107,4096,
437701107,4096,
437741106,4096,
437781107,4096,
437821106,4096,
437861106,4096,
437901107,4096,
437941107,4096,
437981106,4096,
438021106,4096,
438061106,4096,
438101106,4096,
438141107,4096,
438181107,4096,
438221107,4096,
438261107,4096,
438301105,4096,
438341106,4096,
438381106,4096,
438421107,4096,
438461105,4096,
438501107,4096,
438541107,4096,
438581107,4096,
438621106,4096,
438661106,4096,
438701106,4096,
438741107,4096,
438781107,4096,
438821106,4096,
438861106,4096,
438901106,4096,
438941107,4096,
438981106,4096,
439021106,4096,
439061105,4096,
439101107,4096,
439141107,4096,
439181106,4096,
439221107,4096,
439261106,4096,
439301106,4096,
439341106,4096,
439381105,4096,
439421106,4096,
439461107,4096,
439501106,4096,
439541106,4096,
439581105,4096,
439621107,4096,
439661106,4096,
439701107,4096,
439741106,4096,
439781105,4096,
439821106,4096,
439861107,4096,
439941106,4096,
439981107,4096,
440021107,4096,
440061106,4096,
440101107,4096,
440141106,4096,
440181106,4096,
440221106,4096,
440261106,4096,
440301105,4096,
440341107,4096,
440381107,4096,
440421107,4096,
440461106,4096,
440501107,4096,
440541107,4096,
440581106,4096,
440621107,4096,
440661105,4096,
440701107,4096,
440741106,4096,
440781107,4096,
440821107,4096,
440861106,4096,
440901105,4096,
440941106,4096,
440981106,4096,
441021106,4096,
441061106,4096,
441101106,4096,
441141107,4096,
441181106,4096,
441221107,4096,
2147728898,19740,
441301105,4096,
441341106,4096,
441381105,4096,
441421106,4096,
441461106,4096,
441501107,4096,
441541107,4096,
441581106,4096,
441621106,4096,
441661106,4096,
441701106,4096,
441741106,4096,
441781107,4096,
441821106,4096,
441861106,4096,
441901106,4096,
441941106,4096,
441981105,4096,
442021106,4096,
442061107,4096,
442101107,4096,
442141106,4096,
442181107,4096,
442221106,4096,
442261107,4096,
442301107,4096,
442341106,4096,
442381106,4096,
442421107,4096,
442461106,4096,
442501107,4096,
442541106,4096,
442581106,4096,
442621106,4096,
442661106,4096,
442701107,4096,
442741106,4096,
442781106,4096,
442821107,4096,
442861107,4096,
442901106,4096,
442941106,4096,
442981105,4096,
443021107,4096,
443061106,4096,
443101106,4096,
443141106,4096,
443181106,4096,
443221107,4096,
443261107,4096,
443301106,4096,
443341107,4096,
443381107,4096,
443421106,4096,
443461106,4096,
443501106,4096,
443541106,4096,
443621106,4096,
443661106,4096,
443701107,4096,
443741105,4096,
443781106,4096,
443821107,4096,
443901107,4096,
443941106,4096,
443981107,4096,
444021107,4096,
444101107,4096,
444141107,4096,
444181106,4096,
444221107,4096,
444261106,4096,
444301106,4096,
444341106,4096,
444381107,4096,
444421107,4096,
444461107,4096,
444501106,4096,
444541107,4096,
444581106,4096,
444621106,4096,
444661105,4096,
444701106,4096,
444741106,4096,
444781106,4096,
444821106,4096,
444861107,4096,
444901107,4096,
444941107,4096,
444981107,4096,
445021107,4096,
445061106,4096,
445101107,4096,
445141107,4096,
445181106,4096,
445221106,4096,
2009775637,-30015,
445261107,4096,
445341106,4096,
445381107,4096,
445421107,4096,
445461106,4096,
445501105,4096,
445541107,4096,
445581107,4096,
445621107,4096,
445661106,4096,
445701106,4096,
445741105,4096,
445781106,4096,
445821105,4096,
445861106,4096,
445901106,4096,
445941106,4096,
445981105,4096,
446021107,4096,
446061106,4096,
446101107,4096,
446141107,4096,
446181107,4096,
446221107,4096,
446261106,4096,
446301107,4096,
446341106,4096,
446381106,4096,
446421107,4096,
446461106,4096,
446501106,4096,
446541106,4096,
446581107,4096,
446621106,4096,
