219019835,27293,
219019835,27293,
3396937020,27293,
219019835,27293,
219019835,27293,
219019835,27293,
3396937020,56380,
219019839,27293,
218995775,32259,
219019835,27293,
219019835,27293,
219019835,27293,
219019835,27293,
219019835,27293,
219019835,27293,
219019835,27293,
219019835,27293,
219019835,27293,
219019835,27293,
219019835,27293,
219019835,27293,
219019835,27293,
219019835,27293,
219019835,27293,
219019835,27293,
219019835,27293,
219019835,27293,
219019835,27293,
219019835,27293,
219019835,27293,
219019835,27293,
219019835,27293,
219019835,27293,
219019835,27293,
219019835,27293,
219019835,27293,
219019835,27293,
219019835,27293,
219019835,27293,
219019835,27293,
219019835,27293,
219019835,27293,
219019835,27293,
219019835,27293,
219019835,27293,
219019835,27293,
219019835,27293,
219019835,27293,
219019835,27293,
219019835,27293,
219019835,27293,
219019835,27293,
219019835,27293,
219019835,27293,
219019835,27293,
219019835,27293,
219019835,27293,
219019835,27293,
219019835,27293,
219019835,27293,
219019835,27293,
219019835,27293,
219019835,27293,
219019835,27293,
219019835,27293,
219019835,27293,
219019835,27293,
219019835,27293,
219019835,27293,
219019835,27293,
219019835,27293,
219019835,27293,
219019835,27293,
219019835,27293,
219019835,27293,
219019835,27293,
219019835,27293,
219019835,27293,
219019835,27293,
219019835,27293,
219019835,27293,
219019835,27293,
219019835,27293,
219019835,27293,
219019835,27293,
219019835,27293,
219019835,27293,
219019835,27293,
219019835,27293,
219019835,27293,
219019835,27293,
219019835,27293,
219019835,27293,
219019835,27293,
219019835,27293,
219019835,27293,
219019835,27293,
219019835,27293,
219019835,27293,
219019835,27293,
219019835,27293,
219019835,27293,
219019835,27293,
219019835,27293,
219019835,27293,
219019835,27293,
219019835,27293,
219019835,27293,
219019835,27293,
219019835,27293,
219019835,27293,
219019835,27293,
219019835,27293,
219019835,27293,
219019835,27293,
219019835,27293,
219019835,27293,
219019835,27293,
219019835,27293,
219019835,27293,
219019835,27293,
219019835,27293,
219019835,27293,
219019835,27293,
219019835,27293,
219019835,27293,
219019835,27293,
219019835,27293,
219019835,27293,
219019835,27293,
219019835,27293,
219019835,27293,
219019835,27293,
219019835,27293,
219019835,27293,
219019835,27293,
219019835,27293,
219019835,27293,
219019835,27293,
219019835,27293,
219019835,27293,
219019835,27293,
219019835,27293,
219019835,27293,
219019835,27293,
219019835,27293,
219019835,27293,
219019835,27293,
219019835,27293,
219019835,27293,
219019835,27293,
219019835,27293,
219019835,27293,
219019835,27293,
219019835,27293,
219019835,27293,
219019835,27293,
219019835,27293,
219019835,27293,
219019835,27293,
219019835,27293,
219019835,27293,
219019835,27293,
219019835,27293,
219019835,27293,
219019835,27293,
219019835,27293,
219019835,27293,
219019835,27293,
219019835,27293,
219019835,27293,
219019835,27293,
219019835,27293,
219019835,27293,
219019835,27293,
219019835,27293,
219019835,27293,
219019835,27293,
219019835,27293,
219019835,27293,
219019835,27293,
219019835,27293,
219019835,27293,
219019835,27293,
219019835,27293,
219019835,27293,
