565922106,45369,
565842106,45401,
566362108,45064,
565882106,45825,
3783633213,36284,
566242108,45553,
566282106,44736,
566282106,44736,
566402106,45264,
565762106,45369,
565802106,46129,
566362108,45064,
566442106,45192,
566202108,45680,
566322108,44904,
566322108,44904,
566242108,45553,
566482106,45968,
566522108,44416,
566562108,45512,
566602108,45096,
566642108,44272,
566682108,44584,
566722107,44584,
566762108,44728,
566802106,44648,
566842108,46576,
566882106,45833,
566922107,45320,
566962106,45272,
567002106,45168,
567042106,45144,
567082106,45991,
567122108,46336,
567162108,45256,
567202108,45328,
567242108,45136,
567282106,43968,
567322106,45512,
567362106,45448,
567402108,45648,
567442108,44744,
567482106,45304,
567522106,45192,
567562108,44576,
567602106,45479,
567642106,44959,
567682108,44944,
567722106,45767,
567762106,45888,
567802106,45384,
567842108,45519,
567882108,45312,
567922108,45552,
567962108,44488,
568002106,46200,
568042106,45599,
568082108,45575,
568122108,44328,
568162108,45199,
568202106,46607,
568242108,45672,
568282108,45991,
568322108,44656,
568362107,45048,
568402108,45328,
568442108,44703,
568482106,45384,
568522108,45711,
1977728222,16046,
568562108,45367,
568642108,46095,
568682107,45959,
568722108,44703,
568762108,45223,
568802107,46439,
568842108,45399,
568882108,45175,
568922106,45415,
568962108,45799,
569002107,45199,
569042107,45583,
569082106,45671,
569122106,45663,
569162107,45663,
569202108,45535,
569242107,45135,
569282108,46007,
569322106,45663,
569362106,44887,
569402106,44751,
569442106,44999,
569482108,45431,
569522108,45311,
569562107,45271,
569602107,44695,
569642108,45391,
569682108,44926,
569722106,44590,
569762108,45711,
569802106,44631,
569842108,45607,
569882108,44967,
569922106,44943,
640034342,9766,
570002108,45591,
570042107,45463,
570082107,45215,
570122106,45535,
570162108,44638,
570202106,45359,
570242108,44895,
570282108,45991,
570322106,45639,
570402106,45999,
570442107,45919,
570482106,45391,
570522107,44615,
570562108,46087,
570602107,45639,
570642106,45935,
570682106,45135,
570722106,45807,
570762108,46351,
570802107,45855,
570842108,45832,
570882106,45311,
570922108,46231,
570962106,45440,
571002108,45944,
571042106,45767,
571082107,46112,
571122108,45544,
571162108,46168,
571202108,45560,
571242106,45976,
571282106,45816,
571322108,44712,
571362106,45665,
571402106,45176,
571442106,47105,
571482106,46337,
571522108,46337,
571562106,45689,
571602106,44841,
571642108,45297,
571682106,44568,
571722106,45145,
571762106,44130,
571802107,46177,
571842108,45978,
571882108,45873,
571922106,45514,
571962106,44995,
572002108,45659,
572042108,45811,
572082106,46035,
572122106,46043,
572162106,45795,
572202108,44891,
572242107,44827,
572322106,45435,
572362106,45691,
572402108,44067,
572442106,45075,
572482107,46003,
572522106,45803,
572562106,45643,
572602107,46291,
572642108,44779,
572682106,45436,
2654584438,15905,
572762108,44604,
572802106,45132,
572842106,44932,
572882108,45716,
572922108,45259,
572962108,45420,
573002106,45931,
573042107,45348,
573082108,45427,
573122108,44763,
573162106,45587,
573202108,45180,
573242108,45188,
573282108,45507,
573322108,45748,
573362108,45339,
573402106,45292,
573442106,45236,
573482108,45380,
573522108,45580,
573562108,44867,
573602106,45787,
573642108,45611,
573682107,46115,
573722108,44588,
573762107,45499,
573802106,45789,
573842108,45685,
573882106,45013,
573922106,45013,
573962106,45693,
574002107,44741,
574042107,45156,
574082107,45525,
574122107,44885,
574162106,45365,
574202106,45428,
574242108,46660,
574282108,44876,
574322108,44677,
574362108,46245,
574402106,44868,
574442108,45148,
574482108,45708,
574522106,44820,
574562108,44349,
574602108,45637,
574642108,45316,
574682106,45436,
574722106,45637,
574762106,45445,
574802106,45069,
574842107,45613,
574882108,44933,
574922108,46037,
574962106,45125,
575002106,45285,
575042106,44901,
575082106,46037,
575122106,45477,
575162106,44445,
575202106,46013,
575242108,44389,
575282108,45485,
575322106,44821,
575362108,45293,
575402106,46013,
575442106,45493,
575482108,45701,
575522108,44621,
575562108,45813,
575602108,46229,
575642108,45373,
575682106,44549,
575722107,44949,
575762106,45533,
575802107,44509,
575842106,45501,
575882107,44973,
575922108,44981,
575962106,44725,
576002108,46053,
576042106,45477,
576082106,45085,
576122106,45173,
576162108,45109,
576202106,45085,
576242106,44501,
576282106,45765,
576322106,45765,
576362106,45261,
576402106,44925,
576442108,45349,
576482106,45125,
576522107,45117,
576562108,45021,
576602106,45693,
576642106,45397,
576682107,45805,
576722106,45245,
576762106,45501,
576802107,45365,
3436854776,48771,
576882108,45757,
576922106,46237,
576962106,45189,
577002108,45181,
577042108,44525,
577082106,45245,
577122108,45685,
577162108,45149,
577202106,45317,
577242106,44974,
577282106,44813,
577322107,44621,
577362106,45893,
577402106,45086,
577442108,45045,
577482108,45125,
577522108,45254,
577562108,45045,
577602106,44886,
577642106,45502,
577682108,44343,
577722107,44814,
577762108,45637,
577802106,45959,
577842108,44783,
577882108,45198,
577922106,45038,
577962106,44358,
578042108,45518,
578082108,45919,
578122108,45215,
578162106,46007,
578202106,44767,
578242106,45591,
578282106,44935,
578322106,45559,
578362108,45871,
578402106,45607,
578442106,44447,
578482106,45703,
578522108,45935,
578562106,44887,
578602106,45375,
578642106,46631,
578682108,45319,
578722106,44488,
578762108,44488,
578802108,44688,
578842108,45848,
578882108,46223,
578922108,45400,
578962108,45543,
579002108,44968,
579042106,45448,
579082107,45560,
579122106,44913,
579162108,46015,
579202108,45088,
579242106,45312,
579282108,45744,
579322106,45417,
579362107,45032,
579402106,45256,
579442108,45928,
579482106,46448,
579522108,44840,
579562106,45040,
579602108,45848,
579642106,45352,
579682106,45784,
579722106,44624,
579762108,45272,
579802108,46303,
579842108,45529,
579882106,45440,
579922106,45552,
579962106,45536,
580002106,44960,
580042108,45056,
580082106,44824,
580122108,45368,
580162108,45145,
580202108,45336,
580242106,45776,
580282108,45017,
580322106,44592,
580362108,46008,
580402108,45456,
580442108,44704,
580482108,44728,
580522106,45120,
580562108,45240,
580602108,45368,
580642106,45552,
580682106,45184,
580722106,45792,
580762107,45600,
580802107,45632,
580842108,45832,
580882108,45368,
580922106,46160,
580962108,45240,
814595528,15887,
581042107,45344,
581082108,44800,
581122106,46071,
581162108,46071,
581202108,45112,
581242106,44376,
581282106,46368,
581322106,45200,
581362107,45632,
581402106,44880,
581442106,45304,
581482106,45632,
581522106,45249,
581562106,44992,
581602106,45400,
581642106,45816,
581682108,45312,
581722108,45352,
581762106,45176,
581802107,45512,
581842106,44592,
581882108,45112,
581922106,44960,
581962108,44792,
582002106,45272,
582042108,45249,
582082107,45072,
582122106,45040,
582162107,46328,
582202106,45361,
582242108,45776,
582282108,44689,
582322107,44400,
582362106,45208,
582402106,44857,
582442108,45768,
582482108,45768,
582522107,45865,
582562106,45456,
582602106,45560,
582642106,44736,
582682106,44232,
582722108,46112,
582762106,44232,
582802106,46015,
582842106,44872,
582882106,45424,
582922108,46216,
582962108,44689,
583002108,44960,
583042108,45193,
583082108,44712,
583122106,44344,
583162108,46504,
583202107,44984,
583242108,44984,
583282106,45417,
583322106,45576,
583362108,45656,
583402108,45249,
583442108,45473,
583482106,46056,
583522106,43321,
583562106,43321,
583602108,45600,
583642106,46168,
583682107,45865,
583722108,45249,
583762106,45288,
583802106,44608,
583842106,45680,
583882106,45792,
583922106,45041,
583962107,44952,
584002108,45224,
584042106,45736,
584082108,45560,
584122106,45473,
584162106,45344,
584202108,44840,
584242108,45073,
584282106,44769,
584322108,45033,
584362108,45545,
584402106,45736,
584442106,45424,
584482107,45344,
584522108,44961,
584562108,45480,
584602108,45409,
584642106,44769,
584682106,45560,
584722108,45153,
584762106,45073,
584802107,45704,
584842106,44625,
584882106,45064,
584922108,45176,
584962107,45745,
585002108,45601,
585042108,45329,
2490023168,15924,
585082108,44065,
585162108,45329,
585202108,45473,
585242108,45960,
585282108,45865,
585322107,45249,
585402106,45033,
585442107,45529,
585482106,45120,
585522108,46217,
585562107,45536,
585602107,45361,
585642108,45392,
585682108,45792,
585722106,45193,
585762106,45033,
585802106,45400,
585842106,45656,
585882108,46656,
585922108,44984,
585962108,44984,
586002106,45145,
586042108,45536,
586082108,46201,
586122107,45440,
586162108,45689,
586202107,43993,
586242108,45568,
586282106,45193,
586322108,45272,
586362108,45697,
586402108,44784,
586442106,45025,
586482108,45392,
586522108,46400,
586562106,45056,
586602108,45592,
586642106,45504,
586682108,45160,
586722108,45153,
586762107,45081,
586802108,45489,
586842108,45473,
586882108,45408,
586922107,45680,
586962106,45832,
587002108,45896,
587042106,45512,
587082106,44857,
587122106,45576,
587162108,45800,
587202106,46400,
587242108,45672,
587282106,46208,
587322106,45361,
587362108,45913,
587402106,45608,
587442108,45288,
587482106,45377,
587522106,45736,
587562106,45201,
587602108,44801,
587642108,44033,
587682108,45904,
587722106,44961,
587762106,45648,
587802106,45120,
587842106,46072,
587882108,44809,
587922108,45097,
587962106,44193,
588002106,45368,
588042108,45865,
588082108,46079,
588122106,45104,
588162106,45624,
588202108,45552,
588242106,45153,
588282108,44768,
588322106,45888,
588362106,45921,
588402108,45921,
588442108,44696,
588482106,46191,
588522106,44288,
588562107,45353,
588602106,44888,
588642108,45265,
588682106,45176,
588722108,44993,
588762106,45040,
588802106,45328,
588842106,45448,
588882106,46288,
588922106,45033,
588962108,45025,
589002108,45137,
589042106,45641,
589082107,45768,
589122108,45967,
589162108,46496,
422231310,48923,
589202108,45305,
589282106,44768,
589322107,44344,
589362108,44633,
589402106,45025,
589442107,45305,
589482106,44600,
589522108,45697,
589562108,44577,
589602106,44664,
589642107,45664,
589682106,45272,
589722106,45529,
589762106,46040,
589802108,44768,
589842106,45473,
589882108,44465,
589922108,45240,
589962108,46232,
590002108,44680,
590042106,44424,
590082108,44768,
590122106,45512,
590162108,45305,
590202106,45544,
590242106,45480,
590282106,45536,
590322106,44824,
590362106,45328,
590402106,44521,
590442106,46328,
590482108,44792,
590522108,45296,
590562108,45296,
590602108,44728,
590642108,45832,
590682106,45184,
590722106,45600,
590762106,45544,
590802106,45544,
590842106,44952,
590882108,45456,
590922106,45024,
590962108,45544,
591002108,45232,
591042106,45440,
591082106,44944,
591122106,45488,
591162108,46000,
591202106,46600,
591242106,45592,
591282108,44920,
591322108,44504,
591362106,44656,
591402106,45008,
591442106,45903,
591482108,46135,
591562106,45519,
591602106,45584,
591642106,45416,
591682108,45071,
591722106,45319,
591762108,45599,
591802106,44496,
591842106,45823,
591882106,44712,
591922106,45448,
591962106,45280,
592002108,44824,
592042106,45024,
592082106,45631,
592122106,44305,
592162106,45216,
592202106,45840,
592282108,45832,
592322107,45280,
592362108,45192,
592402106,45504,
592442108,45016,
592482106,45688,
592522108,45392,
592562106,45728,
592602108,45200,
592642108,45168,
592682106,45736,
592722106,45528,
592762106,46312,
592802106,44600,
592842106,45000,
592882106,45560,
592922108,45368,
592962108,44960,
593002106,45384,
593082108,44888,
593122108,45696,
593162108,45431,
593202108,45431,
593242106,45336,
593282106,45160,
593322106,46231,
795622796,48970,
593442106,45304,
593482106,46175,
593522106,46271,
593562108,45640,
593602106,45456,
593642106,44496,
593682106,45528,
593722106,45263,
593762106,45304,
593802108,45008,
593842108,46056,
593882107,44832,
593922106,45568,
593962108,44936,
594002106,45072,
594042106,46063,
594082106,45664,
594122106,45152,
594162106,44848,
594202106,45320,
594242106,45088,
594282106,44960,
594322108,45305,
594362108,44928,
594402106,45088,
594442106,43913,
594482106,44952,
594522106,44792,
594562106,45400,
594602106,45488,
594642108,44792,
594682108,45096,
594722106,45776,
594802107,45720,
594842108,44992,
594882108,46919,
594922108,46680,
594962106,46023,
595002106,44376,
595042108,45688,
595082106,45641,
595122107,45440,
595162106,45376,
595202108,45888,
595242108,45280,
595282108,46352,
595322106,44824,
595362106,45529,
595402108,45560,
595442106,45392,
595482106,44817,
595522108,45768,
595562106,44944,
595602106,44944,
595642108,46135,
595682106,46048,
595722106,45376,
595762107,46384,
595802106,45624,
595842106,45680,
595882106,45296,
595922106,45417,
595962106,45464,
596002106,45760,
596042108,45568,
596082108,45216,
596122106,45536,
596162108,45792,
596202106,45424,
596242106,46463,
596282106,46671,
596322108,44448,
596362106,45608,
596402106,45592,
596442108,46015,
596482107,45855,
596522106,44752,
596562106,45384,
596602106,44920,
596642106,45168,
596682108,45640,
596722108,44184,
596762108,45984,
596802108,45808,
596842106,45200,
596882106,45288,
596922108,45592,
596962108,45911,
597002108,46424,
597042108,45928,
597082108,45704,
597122106,44808,
597162106,46040,
597202106,46272,
597242108,44952,
597282106,44896,
597322106,44960,
597362106,45512,
597402106,45760,
597442106,46119,
995212827,48963,
597522106,46272,
597562108,45096,
597602106,45256,
597642106,44440,
597682107,44680,
597722106,46376,
597762106,45312,
597802106,45967,
597842108,45152,
597882106,45496,
597922106,45560,
597962106,44840,
598002106,45312,
598042106,45312,
598082106,45488,
598122106,45840,
598162108,45792,
598202107,46471,
598242106,45040,
598282108,45992,
598322106,46089,
598362108,45592,
598402106,45272,
598442106,44784,
598482108,45656,
598522106,45000,
598562108,44504,
598642106,45760,
598682108,45408,
598722107,45376,
598762107,44968,
598802108,45424,
598842108,46111,
598882107,45736,
598922108,46048,
598962108,46152,
599002107,45848,
599042108,45328,
599082108,45952,
599122108,45816,
599162107,45384,
599202108,46088,
599242108,45687,
599282106,45120,
599322107,45328,
599362108,45064,
599402106,44864,
599442108,44832,
599482107,45336,
599522108,45288,
599562108,45192,
599602108,45648,
599642106,46183,
599682107,46200,
599722107,45239,
599762108,46231,
599802108,45608,
599842107,45056,
599882106,45855,
599922108,45656,
599962108,45967,
600002106,44576,
600042107,45560,
600082108,46135,
600122106,44752,
600162106,45920,
600202106,46239,
600242108,45256,
600282106,44416,
600322108,46007,
600362106,45592,
600402106,45264,
600442106,45264,
600482108,46104,
600522107,45768,
600562108,45448,
600602106,44960,
600642108,45623,
600682106,45648,
600722106,45880,
600762106,46895,
600802107,46152,
600842106,45168,
600882108,45504,
600922108,45504,
600962108,45935,
601002106,45263,
601042108,46096,
601082106,45840,
601122106,45704,
601162106,44912,
601202106,45696,
601242108,45696,
601282107,44528,
601322106,45920,
601362108,45799,
601402106,44591,
601442108,46303,
601482106,45360,
601522106,45735,
601562108,45823,
2636135704,49002,
601642108,45567,
601682108,45119,
601722106,45847,
601762106,45407,
601802106,45496,
601842108,45671,
601882108,45255,
601922108,44400,
601962108,44703,
602002106,44775,
602042107,45431,
602082106,45447,
602122107,44775,
602162108,46007,
602202106,45615,
602242108,45847,
602282108,44983,
602322108,45823,
602362108,45951,
602402106,44846,
602442106,45119,
602482106,45639,
602522108,45767,
602562106,45462,
602642108,44751,
602682108,46263,
602722106,45479,
602762106,45287,
602802106,45791,
602842108,45791,
602882108,46231,
602962108,45695,
603002108,45878,
603042106,45751,
603082106,45615,
603122106,45215,
603162106,45598,
603202108,45143,
603242106,44767,
603282106,45206,
603322108,45150,
603362106,45654,
603402106,44958,
603442108,45742,
603482108,45686,
603522108,45135,
603562106,45735,
603602108,45503,
603642106,45023,
603682107,45671,
603722106,44519,
603762108,44943,
603802108,45335,
603842107,44607,
603882106,45126,
603922107,45159,
603962107,44743,
604002108,45199,
604042106,45143,
604082108,45455,
604162106,45167,
604202108,44975,
604242106,44783,
604282108,46007,
604322106,45343,
604362106,45871,
604402106,46175,
604442108,45223,
604482106,45927,
604522106,45079,
604562106,45975,
604602106,45271,
604642106,44839,
604682106,45903,
604722106,45462,
604762106,46063,
604802106,45207,
604842108,44919,
604882108,45911,
604922106,44943,
604962106,45279,
605002106,45655,
605042106,45798,
605082106,45223,
605122108,45535,
605162106,44958,
605202106,45495,
605242108,45063,
605282108,45063,
605322108,45798,
605362108,46078,
605402106,44870,
605442106,46319,
605482106,45679,
605522106,45671,
605562108,45542,
605602106,46341,
605642106,45639,
3209946941,38394,
605682106,46559,
605762106,44895,
605842106,45695,
605922108,45478,
605962106,45854,
606002106,45310,
606042108,45702,
606082108,46367,
606122106,45478,
606162107,45863,
606202106,44575,
606242106,44799,
606282106,45439,
606322107,45103,
606362106,46503,
606402106,45238,
606442108,46391,
606482106,45854,
606522108,45735,
606562108,45598,
606602106,46255,
606642106,45639,
606682106,46335,
606722106,46326,
606762107,46255,
606802108,45247,
606842108,45399,
606882106,45551,
606922106,45415,
606962106,45079,
607002108,44975,
607042108,45815,
607082108,45479,
607122108,45759,
607162106,46279,
607202108,45848,
607242108,46023,
607282106,45080,
607322108,45599,
607362107,46200,
607402106,45272,
607442108,45487,
607482108,45216,
607522108,45360,
607562107,45000,
607602106,45376,
607642108,46088,
607682108,46088,
607722106,44824,
607762108,44576,
607802106,45528,
607842106,45248,
607882106,45168,
607922106,45560,
607962108,46191,
608002106,45967,
608042106,45272,
608082108,44920,
608122108,45351,
608162106,44640,
608202108,45200,
608242106,45536,
608282106,45575,
608322108,46256,
608362107,44800,
608402108,46200,
608442106,44808,
608482108,45928,
608522106,45416,
608562106,44640,
608602106,45552,
608642108,45536,
608682108,44888,
608722108,46191,
608762108,44736,
608802106,45704,
608842106,45463,
608882107,46279,
608922106,44752,
608962106,45248,
609002106,45920,
609042108,45840,
609082108,45344,
609122108,46247,
609162108,45416,
609202108,45616,
609242107,45407,
609282107,44367,
609322106,45608,
609362106,44856,
609402106,45336,
609442106,45360,
609482108,45119,
609522107,45343,
609562107,45967,
609602108,45687,
609642106,44904,
609682106,45535,
609722108,45455,
609762106,45295,
609802106,46000,
4201430358,48996,
609882108,46271,
609922106,45192,
609962108,46167,
610002108,45808,
610042106,45672,
610082108,45672,
610122108,45704,
610162106,46015,
610202106,46847,
610242107,45599,
610282106,45360,
610322106,45119,
610362106,45935,
610402106,46695,
610442108,45375,
610482108,46407,
610522106,45295,
610562106,44832,
610602106,44864,
610642108,45016,
610682106,45872,
610722108,44624,
610762108,46303,
610802108,45640,
610842106,45776,
610882106,45416,
610922107,45799,
610962108,45920,
611002108,45472,
611082106,46247,
611122108,45983,
611162106,44864,
611202106,46063,
611242108,46256,
611282106,45207,
611322108,46343,
611362107,45567,
611402108,45584,
611442106,45799,
611482106,44768,
611522106,45935,
611562108,45160,
611602108,44720,
611642108,45679,
611682108,45552,
611722108,45248,
611762108,45319,
611802108,46239,
611842108,45791,
611882106,45319,
611922106,45711,
611962108,45039,
612002106,46167,
612042108,46071,
612082108,45216,
612122108,46000,
612162106,46079,
612202108,45823,
612242106,45511,
612282107,45640,
612322106,45063,
612362106,45895,
612402106,46358,
612442108,45727,
612522106,44999,
612562108,44919,
612602108,45367,
612642108,44911,
612682106,45294,
612722106,45702,
612762108,45262,
612802106,45863,
612842108,45206,
612882108,45919,
612922108,45910,
612962106,45982,
613002107,45679,
613042108,46407,
613082108,45238,
613122106,45534,
613162108,45495,
613202106,46117,
613242106,46141,
613282106,45406,
613322108,44511,
613362106,45038,
613402106,46038,
613442108,45518,
613482108,45870,
613522108,45959,
613562106,45350,
613602108,45831,
613642106,46494,
613682106,46631,
613722106,45551,
613762106,45926,
613802108,45679,
613842106,46094,
613882108,45206,
613922106,45462,
2684730797,49015,
614002107,44879,
614042107,46175,
614082108,45399,
614122108,46287,
614162106,44999,
614202107,44415,
614242106,45919,
614282106,45903,
614322108,45104,
614362108,45119,
614402107,45007,
614442106,44079,
614482108,45711,
614522106,46207,
614562107,45056,
614602107,45360,
614642108,44143,
614682108,45664,
614722106,44832,
614762108,46503,
614802108,45840,
614842108,45519,
614922106,45088,
614962106,46047,
615002106,45431,
615042108,45095,
615082108,45608,
615122106,45584,
615162106,45440,
615202106,46407,
615242108,44944,
615282107,45664,
615322106,46088,
615362108,45063,
615402107,46032,
615442108,44863,
615482106,45368,
615522106,45743,
615562106,45832,
615602108,45328,
615642107,45743,
615682106,44992,
615722106,45855,
615762108,45599,
615802106,45407,
615842108,44871,
615882107,44968,
615922106,45664,
615962106,45048,
616002107,45631,
616042106,45679,
616082108,45600,
616122106,45559,
616162108,45879,
616202106,45312,
616242106,45840,
616282108,44992,
616322108,44832,
616362106,45304,
616402107,45776,
616442108,45608,
616482106,46000,
616522106,45024,
616562106,46839,
616602106,45896,
616642106,45519,
616682108,45024,
616722108,46615,
616762108,46751,
616802107,45472,
616842108,45888,
616882107,45328,
616922106,46191,
616962106,45864,
617002106,45392,
617042108,45743,
617082108,44672,
617122106,46063,
617162106,45944,
617202106,45656,
617242106,45959,
617282106,45824,
617322108,45824,
617362106,45496,
617402108,45736,
617442108,45256,
617482108,45025,
617522107,45904,
617562108,45160,
617602108,45824,
617642106,46168,
617682108,45824,
617722108,44768,
617762106,45792,
617802106,45608,
617842106,46127,
617882108,46145,
617922106,45984,
617962107,45352,
297156170,48961,
618002108,45608,
618082108,45632,
618122106,45624,
618162107,45840,
618202108,45432,
618242108,45664,
618282106,45872,
618322106,46200,
618362108,46000,
618402106,45272,
618442106,45655,
618482106,45944,
618522108,46056,
618562108,45599,
618602106,45472,
618642108,45472,
618682106,44344,
618722108,45440,
618762106,45183,
618802107,45903,
618842106,45103,
618882108,46831,
618922106,45728,
618962108,44376,
619002106,45407,
619042108,45127,
619082108,46143,
619122108,46455,
619162106,46719,
619202108,46063,
619242108,45039,
619282108,45679,
619322106,44887,
619362106,46023,
619402107,45831,
619442108,45151,
619482108,45879,
619522106,45639,
619562108,45327,
619602106,46375,
619642106,45487,
619682108,45423,
619722108,45423,
619762108,45431,
619802107,45479,
619842106,45671,
619882106,45295,
619922106,45935,
619962108,45440,
620002106,45255,
620042106,45935,
620082108,45440,
620122108,45160,
620162108,45711,
620202108,45648,
620242108,44199,
620282108,45176,
620322106,46295,
620362106,46488,
620402108,45520,
620442108,46407,
620482108,45480,
620522108,45088,
620562108,45904,
620602107,45880,
620642106,46247,
620682106,45680,
620722106,45680,
620762106,45896,
620802106,44816,
620842106,45600,
620882108,46135,
620922108,45264,
620962108,46496,
621002106,45304,
621042108,44696,
621082106,45256,
621122108,45616,
621162106,45832,
621202108,46407,
621242108,45249,
621282107,44544,
621322108,45240,
621362106,45153,
621402106,45672,
621442108,45440,
621482107,45489,
621522108,46000,
621562106,44784,
621602108,45033,
621642106,45769,
621682106,45713,
621722106,45448,
621762106,46184,
621802108,45921,
621842106,45928,
621882106,46376,
621922106,45720,
621962108,45585,
622002106,45176,
622042108,45560,
622082106,45736,
783007086,48990,
622162108,45256,
622202106,45025,
622242106,45952,
622282106,44864,
622322106,45576,
622362108,45432,
622402106,45056,
622442108,46343,
622482106,44944,
622522106,45080,
622562106,45728,
622602106,44800,
622642108,45416,
622682107,46127,
622722108,46040,
622762108,45408,
622802108,45687,
622842108,45776,
622882106,45071,
622922108,46191,
622962107,45864,
623002108,45351,
623042108,44839,
623122106,46583,
623162108,46056,
623202108,45624,
623242108,45655,
623282108,44624,
623322108,46096,
623362108,45560,
623402106,45952,
623442107,45224,
623482106,45592,
623522108,45655,
623562108,46751,
623602106,45463,
623642106,45384,
623682106,45696,
623722106,45160,
623762108,45119,
623802108,45216,
623842106,45888,
623882108,45944,
623922106,45360,
623962108,46023,
624002106,46439,
624042106,45735,
624082106,45392,
624122106,45504,
624162107,45367,
624202106,45071,
624242108,46358,
624282107,44815,
624322107,45575,
624362106,46535,
624402108,45207,
624442106,46111,
624482108,44352,
624522107,44352,
624562107,45664,
624602106,45672,
624642107,44728,
624682107,44560,
624722106,45967,
624762106,44952,
624802106,46471,
624842108,45776,
624882106,45473,
624922106,45632,
624962106,45736,
625002106,46176,
625042108,45855,
625082107,45928,
625122106,45473,
625202107,45544,
625242108,45600,
625282106,45576,
625322106,45704,
625362108,46007,
625402106,44736,
625442106,44688,
625482106,44576,
625522106,45911,
625562106,46343,
625602106,45560,
625642106,45080,
625682106,45248,
625722106,44520,
625762108,45592,
625802106,45144,
625842108,46032,
625882108,45407,
625922108,45272,
625962108,44895,
626002106,45399,
626042106,45552,
626082106,45592,
626122106,45608,
92093757,48992,
626162106,45248,
626242108,45864,
626282106,45112,
626322107,44432,
626362108,45880,
626402106,46463,
626442106,44456,
626482107,45480,
626522106,45256,
626562106,45463,
626602106,45440,
626642106,46384,
626682106,45696,
626722106,45112,
626762107,45472,
626802108,44688,
626842106,45080,
626882106,46104,
626922108,46104,
626962108,45944,
627002106,45792,
627042106,45288,
627082106,44408,
627122108,44648,
627162108,46071,
627202106,45432,
627242107,44768,
627282107,45648,
627322107,44176,
627362108,45585,
627402108,45008,
627442106,45536,
627482108,46376,
627522106,45568,
627562106,45344,
627602106,45137,
627642106,44952,
627682106,45825,
627722108,44017,
627762108,46176,
627802106,45241,
627842106,45160,
627882106,45064,
627922108,46560,
627962108,45760,
628002107,44849,
628042108,45816,
628082106,46096,
628122108,45176,
628162108,44952,
628202107,44833,
628242106,45473,
628282106,45377,
628322107,45456,
628362108,45209,
628402106,45704,
628442108,45832,
628482108,46072,
628522106,45305,
628562106,45176,
628602106,45648,
628642108,46320,
628682108,45224,
628722106,45959,
628762108,45056,
628802108,45456,
628842106,45552,
628882107,45480,
628922106,45249,
628962108,44913,
629002107,45855,
629042106,45753,
629082106,44552,
629122108,45529,
629162106,45072,
629202106,45536,
629242106,45352,
629282106,44344,
629322108,44344,
629362107,45664,
629402107,45352,
629442108,45417,
629482106,45448,
629522106,45048,
629562106,44865,
629602108,45784,
629642107,44768,
629682108,44273,
629722108,45432,
629762106,45753,
629802106,45361,
629842106,45089,
629882106,45256,
629922106,45840,
629962106,45529,
630002108,44809,
630042108,45680,
630082108,45984,
630122108,45417,
630162108,46359,
2274409755,49016,
630202106,45840,
630282106,45224,
630322106,45792,
630362106,46232,
630402106,44761,
630442107,45353,
630482106,46320,
630522106,44944,
630562106,45193,
630602106,44728,
630642108,44865,
630682106,45488,
630722108,45168,
630762106,45776,
630802106,46168,
630842106,45496,
630882106,44480,
630922106,45592,
630962108,45688,
631002108,44864,
631042106,45008,
631082106,45025,
631122108,45328,
631162107,45288,
631202108,45552,
631242108,45855,
631282106,45585,
631322108,45072,
631362107,45464,
631402108,44936,
631442108,45104,
631482106,45249,
631522108,45312,
631562106,45768,
631602108,46537,
631642106,45056,
631682107,45216,
631722108,45216,
631762107,45520,
631802108,45240,
631842108,45089,
631882106,45585,
631922106,45784,
631962108,45168,
632002106,45784,
632042107,45361,
632082106,45368,
632122106,45657,
632162108,46089,
632202108,45536,
632242106,46168,
632282108,44929,
632322107,44417,
632362108,46033,
632402106,45049,
632442106,45328,
632482108,44689,
632522106,44616,
632562106,45312,
632602108,44944,
632642107,45585,
632682108,44880,
632722108,44985,
632762106,45344,
632802108,44753,
632842108,44881,
632882106,45256,
632922106,44809,
632962108,45944,
633002106,45329,
633082108,45736,
633122108,45265,
633162106,45321,
633202106,45041,
633242108,45480,
633282108,45208,
633322106,44848,
633362106,45392,
633402106,45336,
633442106,44697,
633482108,44913,
633522108,45688,
633562108,45464,
633602106,45417,
633682108,44641,
633722106,45473,
633762108,45624,
633802106,45368,
633842106,45456,
633882106,45392,
633922108,45952,
633962107,45816,
634002106,44697,
634042106,44664,
634082107,45489,
634122108,45489,
634162108,45424,
634202108,45536,
634242106,44881,
1182743994,48994,
634322106,45680,
634362107,44985,
634402106,45377,
634442106,45153,
634482108,46609,
634522106,45865,
634562108,46184,
634602108,45017,
634642106,46049,
634682106,44593,
634722108,45657,
634762106,45025,
634802106,44657,
634842108,46137,
634882106,44833,
634922106,46041,
634962106,46449,
635002107,44250,
635042108,46089,
635082108,44866,
635122106,45162,
635162106,46089,
635202108,45553,
635242108,45458,
635282107,45738,
635322106,45234,
635362108,45386,
635402106,45769,
635442106,46441,
635482106,45363,
635522108,44290,
635562106,45466,
635602106,45067,
635642106,45059,
635682108,45627,
635722106,44931,
635762107,45899,
635802108,45091,
635842106,46219,
635922106,45211,
635962106,44483,
636002108,44756,
636042106,45923,
636082108,44948,
636162106,46235,
636202106,45923,
636242106,46267,
636282106,45204,
636322106,44644,
636362106,45332,
636402108,45852,
636442106,45836,
636482108,45875,
636522106,44972,
636562106,44972,
636602106,45580,
636642108,46028,
636682108,45724,
636722107,45188,
636762106,44941,
636802106,45284,
636842106,45165,
636882106,44717,
636922107,45661,
636962108,46349,
637002108,45901,
637042106,46149,
637082106,44758,
637122108,44574,
637162106,45533,
637202106,46605,
637242108,46085,
637282106,45821,
637322108,45349,
637362108,44862,
637402108,44966,
637442108,45061,
637482108,45517,
637522106,44766,
637562106,45525,
637602108,45541,
637642106,45110,
637682106,45733,
637722106,44190,
637762108,45149,
637802106,45637,
637842106,45805,
637882108,45870,
637922108,45069,
637962106,45934,
638002108,45925,
638042106,45917,
638082106,44822,
638122108,45213,
638162106,45254,
638202107,45709,
638242106,45789,
638282106,45885,
856211082,49001,
638362106,44925,
638402106,45085,
638442108,45373,
638482107,45869,
638522108,45717,
638562106,45181,
638602108,45733,
638642106,46635,
638682106,45077,
638722106,45325,
638762106,46084,
638802107,46140,
638842108,45021,
638882107,45964,
638922106,45005,
638962108,45348,
639002108,45348,
639042108,45549,
639082106,45572,
639122106,45213,
639162106,46236,
639202108,45653,
639242106,45597,
639282106,45732,
639322106,45645,
639362106,45477,
639402108,45381,
639442106,45373,
639482106,45205,
639522108,45869,
639562107,45709,
639602106,44781,
639642107,45773,
639682106,46117,
639722108,45573,
639762106,45086,
639802106,45166,
639842106,44830,
639882106,45597,
639922106,44382,
639962108,47013,
640002108,45094,
640042106,45366,
640082108,45590,
640122108,45949,
640162108,45878,
640202108,44752,
640242107,45677,
640282106,45575,
640322106,45639,
640362106,45719,
640402106,46117,
640442106,45478,
640482106,46061,
640522108,45926,
640562106,46365,
640602108,45725,
640642107,45022,
640682108,45037,
640722106,45525,
640762106,45973,
640802106,45205,
640842107,45413,
640882108,45901,
640922108,45453,
640962108,45822,
641002106,46053,
641042107,45341,
641082106,45605,
641122107,45254,
641162106,46301,
641202106,46029,
641242108,45822,
641282106,45334,
641322106,44782,
641362108,45486,
641442108,44302,
641482106,45422,
641522108,45877,
641562107,45614,
641602108,44670,
641642108,45990,
641682108,45381,
641722108,45565,
641762107,45614,
641802108,44974,
641842106,45366,
641882107,45157,
641922107,45670,
642002108,44670,
642042108,45173,
642082106,45038,
642122106,45206,
642162106,46221,
642202106,45766,
642242108,45080,
642282107,44439,
642322107,44920,
2979282673,48908,
642402106,46031,
642442108,45751,
642482106,46047,
642522108,45527,
642562106,46039,
642602106,45479,
642642106,45807,
642682108,45512,
642722107,45591,
642762108,45111,
642802108,45263,
642842108,45767,
642882108,46463,
642922108,46367,
642962106,45512,
643002108,44904,
643042108,46400,
643082106,45504,
643122108,44497,
643162108,45120,
643202106,45904,
643242108,45393,
643282106,45257,
643322106,45473,
643362106,45241,
643402107,45201,
643442108,45465,
643482106,45321,
643522108,45992,
643562106,45848,
643602106,44961,
643642108,46168,
643682107,45288,
643722106,45704,
643762108,44800,
643802106,44800,
643842106,44808,
643882108,45655,
643922108,45472,
643962106,45423,
644002106,45591,
644042106,45304,
644082108,45464,
644122106,45128,
644162106,44928,
644202107,45944,
644242106,45216,
644282108,45975,
644322108,45408,
644362108,45352,
644402106,45000,
644442106,45151,
644482107,45040,
644522107,45456,
644562106,46208,
644602106,45608,
644642106,46456,
644682108,45368,
644722108,45392,
644762108,45840,
644802108,44696,
644842107,44873,
644882108,45825,
644922106,45568,
644962106,44929,
645002106,45624,
645042106,45049,
645082108,46168,
645122108,46879,
645162106,45785,
645202108,46056,
645242108,45744,
645322107,46304,
645362106,45569,
645402107,46648,
645442106,45745,
645482108,44842,
645522106,45937,
645562108,45609,
645602108,45289,
645642108,45297,
645682106,45953,
645722108,46136,
645762106,44865,
645802106,44777,
645842106,44793,
645882106,45945,
645922108,45553,
645962106,45889,
646002108,45800,
646042106,45785,
646082106,46064,
646122106,45800,
646162106,45225,
646202108,45225,
646242106,46024,
646282108,45992,
646322106,45177,
646362107,45640,
1568882326,48899,
646442106,45129,
646482108,45681,
646522108,45185,
646562108,45401,
646602106,45065,
646642108,45857,
646682106,45545,
646722108,46584,
646762106,45881,
646802106,46441,
646842108,45737,
646882107,46369,
646922106,43859,
646962106,46217,
647002108,45769,
647042106,45337,
647082108,45243,
647122107,44938,
647162108,46090,
647202108,45306,
647242108,45380,
647282108,44971,
647322108,46258,
647362108,45516,
647402107,45754,
647442106,46163,
647522107,45308,
647562106,46036,
647602108,45420,
647642106,45228,
647682108,45915,
647722106,45292,
647762106,45163,
647802106,45676,
647842108,45268,
647882108,46019,
647922108,46027,
647962106,46211,
648002106,45971,
648042106,46138,
648082106,45890,
648122106,45795,
648162107,46034,
648202108,45498,
648242108,45722,
648282108,45194,
648322107,45707,
648362106,45642,
648402106,45963,
648442108,45315,
648482108,46754,
648522108,46281,
648562108,46090,
648602107,44588,
648642108,44588,
648682106,45516,
648722108,45338,
648762108,45506,
648802108,45579,
648842106,45834,
648882108,45740,
648922108,44923,
648962108,47065,
649002107,46058,
649042108,46170,
649082108,45218,
649122106,45530,
649162108,45586,
649202107,46241,
649242108,45299,
649282106,45778,
649322108,45530,
649362108,45547,
649402107,45939,
649442108,45834,
649482106,45684,
649522106,45866,
649562106,45603,
649602108,45539,
649642107,46745,
649682106,45802,
649722106,46233,
649762106,45411,
649802108,45250,
649842106,46258,
649882106,46114,
649922106,46034,
649962106,46058,
650002107,45315,
650042106,46418,
650082106,45674,
650122106,44907,
650162108,46002,
650202108,45482,
650242108,45769,
650282108,45875,
650322106,45356,
650362108,45306,
650402106,45412,
323337926,48992,
650482108,46115,
650562106,44995,
650602106,45692,
650642106,45061,
650682106,45883,
650722108,45859,
650762108,45156,
650802108,45091,
650842108,45275,
650882106,45348,
650922108,45218,
650962107,45315,
651002106,45035,
651042106,45035,
651082106,46034,
651122106,45659,
651162106,45483,
651202106,46099,
651242106,45530,
651282106,45274,
651322106,46187,
651362106,45442,
651402108,46114,
651442106,45362,
651482106,45778,
651522106,45866,
651562106,45690,
651602106,45162,
651642108,46418,
651682106,45258,
651722106,45362,
651762106,44844,
651802107,44859,
651842108,45722,
651882108,46226,
651922106,45523,
651962108,44627,
652002106,45635,
652042106,45090,
652082106,45243,
652122108,45386,
652162108,45922,
652202106,45345,
652242106,45266,
652282106,45825,
652322107,45858,
652362106,45098,
652402108,45474,
652442107,45282,
652482106,45026,
652522108,45810,
652562106,45362,
652602106,46034,
652642106,44818,
652682106,44627,
652722106,46002,
652762106,45684,
652802106,45338,
652842106,45659,
652882106,45124,
652922106,44732,
652962106,46897,
653002106,43739,
653042108,45147,
653082107,46170,
653122106,45684,
653162108,45803,
653202107,45891,
653242108,46163,
653282107,45596,
653322106,44964,
653362106,45436,
653402108,45117,
653442108,45117,
653482108,44885,
653522108,46260,
653562106,45189,
653602107,46044,
653642108,45308,
653682108,44868,
653722108,46028,
653762108,45245,
653802107,46028,
653842106,45949,
653882106,45285,
653922106,46555,
653962106,46020,
654002108,44685,
654042106,45740,
654082108,45604,
654122108,45540,
654162106,46300,
654202107,46076,
654242106,46012,
654282108,45875,
654322108,45148,
654362106,45340,
654402108,46539,
654442108,45460,
192364183,48981,
654522106,45949,
654562108,46172,
654602108,45725,
654642106,45420,
654682108,45796,
654722107,45572,
654762106,45924,
654802108,45212,
654842108,45860,
654882106,44893,
654922106,45868,
654962108,44725,
655002108,46061,
655042108,45613,
655082107,44581,
655122108,44853,
655162108,45844,
655202106,45971,
655242107,44708,
655282106,46084,
655322108,44708,
655362107,46387,
655402108,45340,
655442106,45013,
655482106,45181,
655522107,45628,
655562107,45277,
655602106,46468,
655642108,45181,
655682108,45117,
655722106,46260,
655762106,45260,
655802108,46452,
655842106,46452,
3368601800,51400,
655922107,45364,
655962108,45229,
656002108,45364,
656042107,44965,
656082108,45980,
656122106,45501,
656162107,44876,
656202106,45476,
656242106,46180,
656282108,45916,
656322108,45956,
656362106,45557,
656402106,45069,
656442106,45301,
656482106,45333,
656522106,44941,
656562108,45476,
656602106,45285,
656642108,46044,
656682106,45868,
656722106,45261,
656762108,46468,
656802106,45870,
656842107,45613,
656882106,45478,
656922108,45758,
656962106,45150,
657002107,45469,
657042108,46117,
657082106,44462,
657122106,45685,
657162107,45389,
657202108,46389,
657242106,45709,
657282108,45588,
657322108,44990,
657362108,45429,
657402106,45214,
657442108,45476,
657482106,45685,
657522106,45805,
657562106,45861,
657602106,45693,
657642106,45629,
657682108,45438,
657722108,45877,
657762108,44655,
657802106,45685,
657842108,45733,
657882108,44870,
657922106,46245,
657962106,45230,
658002106,45797,
658042106,44767,
658082108,45494,
658122106,45174,
658162108,45422,
658202108,45334,
658242108,45334,
658282107,45110,
658322108,45471,
658362106,45127,
658402106,45662,
658442106,45239,
3474669005,48959,
658482106,45967,
658562108,45224,
658602108,45510,
658642107,45504,
658682107,45424,
658722108,45656,
658762108,44911,
658802107,45736,
658842107,45368,
658882108,45336,
658922108,45336,
658962106,44752,
659002106,45624,
659042108,44375,
659082106,45901,
659122108,44976,
659162108,44352,
659202108,45295,
659242108,45799,
659282106,45566,
659322106,45726,
659362106,46174,
659402108,45230,
659442106,46118,
659482106,45127,
659522107,45799,
659562107,46326,
659602108,45646,
659642106,44855,
659682107,45901,
659722106,45478,
659762107,45191,
659802108,45303,
659842108,45183,
659882106,45222,
659922108,45118,
660002106,45366,
660042106,45174,
660082106,45606,
660122107,44999,
660162106,45750,
660202108,45789,
660242108,45582,
660282106,45054,
660322106,45726,
660362106,44999,
660402106,44575,
660442106,44543,
660482106,45390,
660562106,45126,
660602108,44726,
660642107,44726,
660682106,45646,
660722108,45191,
660762106,45374,
660802106,44702,
660842108,45486,
660882108,44870,
660922108,45998,
660962108,45543,
661002108,45894,
661042108,44831,
661082108,44680,
661122107,45751,
661162108,44049,
661202106,45015,
661242106,46181,
661282106,45823,
661322106,45431,
661362106,44935,
661402106,45942,
661442106,46326,
661482108,44838,
661522106,45975,
661562106,44823,
661602108,45407,
661642106,44520,
661682108,46102,
661722106,45718,
661762108,45062,
661802106,45127,
661842106,45199,
661882107,45159,
661922106,46998,
661962106,45215,
662002106,45375,
662042106,46176,
662082108,45560,
662122108,46358,
662162107,45672,
662202106,46134,
662242106,44991,
662282106,45872,
662322108,45326,
662362106,45957,
662402107,45480,
662442108,45054,
662482108,44991,
662522107,45543,
3756801684,49010,
662602108,45855,
662642108,45375,
662682106,44863,
662722108,46358,
662762107,45639,
662802106,45334,
662842108,46414,
662882108,45487,
662922108,45904,
663002108,45768,
663042106,45768,
663082108,44994,
663122106,45144,
663162108,45872,
663202106,45105,
663242106,44577,
663282106,45480,
663322106,45264,
663362106,45409,
663402107,45000,
663442106,45129,
663482106,46080,
663522108,45385,
663562106,44721,
663602108,44785,
663642106,44777,
663682106,45271,
663722106,45353,
663762108,44816,
663802106,45983,
663842108,45271,
663882107,45351,
663922106,45415,
663962108,45575,
664002108,45295,
664042106,44976,
664082106,45303,
664122106,45695,
664162106,45326,
664202108,45774,
664242106,45942,
664282106,45224,
664322106,45606,
664362108,44767,
664402107,46222,
664442108,45359,
664482108,45998,
664522106,45103,
664562108,45407,
664602107,45896,
664642108,45599,
664682106,45527,
664722106,46039,
664762107,45376,
664802106,44711,
664842106,46023,
664882107,45680,
664922108,44816,
664962106,45329,
665002108,45144,
665042106,45656,
665082106,44967,
665122106,46222,
665162107,45217,
665202108,46128,
665242106,45912,
665282106,45505,
665322106,45976,
665362108,46161,
665402108,44953,
665442106,44953,
665482108,46152,
665522108,44865,
665562108,45937,
665602108,46065,
665642106,46240,
665682106,47000,
665722106,46113,
665762108,45353,
665802106,46385,
665842108,45618,
665882108,45825,
665922106,45921,
665962108,44874,
666002108,45417,
666042106,45266,
666082108,45154,
666122107,45658,
666162106,45042,
666202108,45234,
666242106,45785,
666282106,44242,
666322107,45218,
666362108,45002,
666402106,45497,
666442107,44706,
666482106,45282,
666522106,45585,
666562106,45857,
1440431488,49014,
666642107,45009,
666682106,45833,
666722108,45674,
666762106,45426,
666802106,45266,
666842108,45848,
666882108,45706,
666922106,44602,
666962108,45753,
667002106,45290,
667042108,45441,
667082106,44930,
667122108,46040,
667162108,45874,
667202108,46416,
667242108,44794,
667282107,45745,
667322108,44834,
667362106,46360,
667402108,45681,
667442107,45937,
667482106,45736,
667522107,45057,
667562106,45329,
667602106,45681,
667642106,46169,
667682108,45154,
667722106,45081,
667762107,44753,
667802106,44994,
667842106,44994,
667882107,45561,
667922108,45081,
667962106,45161,
668002106,46512,
668042106,45584,
668082107,45002,
668122106,45665,
668162106,45546,
668202106,45753,
668242107,46152,
668282107,45401,
668322106,44986,
668362106,45521,
668402106,45536,
668442106,46544,
668482106,45960,
668522106,45480,
668562106,45785,
668602106,45625,
668642108,45513,
668682106,45648,
668722106,45889,
668762108,45904,
668802106,45002,
668842106,44946,
668882106,44970,
668922106,45960,
668962108,45592,
669002106,45536,
669042107,45681,
669082107,45146,
669122106,45777,
669162106,45441,
669202106,45872,
669242106,46121,
669282107,44442,
669322106,44650,
669362107,45729,
669402106,45050,
669442108,45745,
669482106,45370,
669522106,45897,
669562106,45753,
669602106,45674,
669642107,44962,
669682108,45904,
669722108,45521,
669762106,45282,
669802106,44514,
669842106,44970,
669882106,45618,
669922106,44842,
669962106,44914,
670002108,45945,
670042106,45482,
670082106,45785,
670122106,44434,
670162108,45737,
670202106,45737,
670242106,44051,
670282108,45538,
670322106,45202,
670362107,45977,
670402106,44890,
670442108,45361,
670482106,45441,
670522108,46760,
670562108,45465,
2227125269,49015,
670602106,45792,
670682107,44555,
670722107,45993,
670762107,45345,
670802106,45785,
670842108,45369,
670882106,45385,
670922106,45569,
670962106,45769,
671002106,45266,
671042108,45889,
671082106,45714,
671122107,45872,
671162106,45161,
671202106,45169,
671242108,45513,
671282108,45289,
671322108,44778,
671362108,45449,
671402106,45704,
671442106,45904,
671482108,45425,
671522106,45969,
671562107,44841,
671602106,44529,
671642106,46385,
671682108,45497,
671722106,45602,
671762108,45017,
671802106,44554,
671842106,45297,
671882108,45658,
671922106,45977,
671962106,45553,
672002106,45937,
672042108,45904,
672082106,45017,
672122106,46208,
672162106,45065,
672202106,45769,
672242106,45490,
672282106,45520,
672322106,45266,
672362108,45569,
672402106,45177,
672442108,46177,
672482108,45345,
672522108,45305,
672562106,45760,
672602108,45760,
672642106,45361,
672682106,45824,
672722107,45624,
672762106,45736,
672802108,45768,
672842106,45935,
672882108,45561,
672922106,45025,
672962106,45121,
673002106,45464,
673042108,45385,
673082106,45345,
673122108,45712,
673162106,45807,
673202106,44114,
673242108,44905,
673282106,45432,
673322106,45040,
673362108,45808,
673402106,44417,
673442106,46327,
673482106,44905,
673522106,44689,
673562107,45488,
673602108,45480,
673642106,44961,
673682108,44401,
673722106,44994,
673762108,46215,
673802108,45553,
673842106,46215,
673882106,44721,
673962106,45297,
674002107,45289,
674042106,45712,
674082106,45656,
674122106,45536,
674162107,44744,
674202106,45695,
674242108,45233,
674282108,46198,
674322108,44991,
674362107,46072,
674402106,45065,
674442108,44752,
674482106,45401,
674522106,45382,
674562106,45438,
674602106,45247,
674642107,44234,
106904981,49019,
674722106,45359,
674762107,45751,
674802108,45271,
674842106,44520,
674882108,46069,
674922106,45135,
674962106,46006,
675002107,46006,
675042106,45566,
675082106,46013,
675122106,45070,
675162108,45015,
675202106,44135,
675242106,44751,
675282106,45662,
675322106,45478,
675362106,44279,
675402106,46062,
675442106,45031,
675482107,44983,
675522106,45342,
675562108,45901,
675602108,45558,
675642106,45446,
675682106,45094,
675722106,45255,
675762106,45222,
675802106,45214,
675842106,44607,
675882106,45023,
675922108,44639,
675962106,46318,
676002108,45502,
676042106,45926,
676082106,45079,
676122108,45087,
676162107,45375,
676202106,44480,
676242106,45126,
676282106,45286,
676322108,46214,
676362106,46254,
676402106,45382,
676442108,44135,
676482106,45174,
676522107,45789,
676562106,46206,
676602106,45286,
676642108,45215,
676682107,44838,
676722108,45271,
676762106,46982,
676802108,45407,
676842108,45326,
676882106,45239,
676922108,45295,
676962108,45512,
677002107,44903,
677042108,44800,
677082106,44673,
677122106,45600,
677162106,45415,
677202107,45401,
677242108,45609,
677282108,46215,
677322108,44928,
677362107,44928,
677402106,45991,
677442106,45808,
677482107,45800,
677522106,44778,
677562106,45912,
677602107,45378,
677642108,46624,
677682107,45665,
677722108,45976,
677762106,45785,
677802106,45945,
677842108,46439,
677882106,44778,
677922106,44386,
677962108,46263,
678002106,46016,
678042107,46431,
678082107,45968,
678122106,45256,
678162106,46375,
678202108,45658,
678242108,45792,
678282107,45536,
678322108,44138,
678362106,45632,
678402108,45369,
678442106,46152,
678482107,45872,
678522106,45121,
678562106,45816,
678602106,45769,
678642106,45897,
678682108,45121,
952778369,49014,
678722106,45129,
678802106,45249,
678842107,45640,
678882108,46169,
678922108,45417,
678962108,45712,
679042106,45497,
679082106,45912,
679122108,44760,
679162106,45385,
679202108,45673,
679242106,44330,
679282108,45177,
679322107,44617,
679362108,45376,
679402108,44658,
679442108,45417,
679482108,44785,
679522106,45088,
679562106,44752,
679602108,45401,
679642108,46064,
679682108,45441,
679722106,44673,
679762107,44745,
679802106,45536,
679842106,45337,
679882106,45392,
679922106,44905,
679962106,44760,
680002106,45536,
680042106,45471,
680082106,45904,
680122106,45264,
680162108,45017,
680202106,44585,
680242106,44649,
680282107,46095,
680322107,45432,
680362106,45401,
680402106,46198,
680442106,44617,
680482106,45438,
680522106,45040,
680562108,44505,
680602106,46008,
680642108,45648,
680682106,45017,
680722108,45830,
680762106,44040,
680802107,45366,
680842108,44903,
680882108,45431,
680922106,45112,
680962108,45135,
681002107,45415,
681042108,45215,
681082107,45095,
681122106,45329,
681162107,44696,
681202106,45639,
681242107,44688,
681282108,45112,
681362106,45935,
681402106,45040,
681442106,45049,
681482106,45185,
681522106,46001,
681562106,45409,
681602106,44760,
681682108,45353,
681722106,44554,
681762106,44994,
681802106,46263,
681842106,45553,
681882106,45129,
681922108,45864,
681962106,45121,
682002106,44393,
682042108,45672,
682082108,45928,
682122107,46064,
682162106,44800,
682202107,45256,
682242106,45168,
682282106,45550,
682322108,45438,
682402106,44945,
682442108,44920,
682482106,44305,
682522106,45880,
682562106,45824,
682602107,45600,
682642108,44585,
682682108,45289,
682722106,45583,
682762107,45488,
682802108,44935,
3455040660,49009,
682882108,45177,
682922108,46711,
682962108,45800,
683002106,46495,
683042108,44210,
683082108,44938,
683122106,45592,
683162106,45550,
683202108,46319,
683242107,45241,
683282108,46016,
683322108,45840,
683362106,45656,
683402106,45280,
683442108,46057,
683482108,44561,
683522106,45368,
683562106,45592,
683602106,44401,
683642106,45680,
683682108,44969,
683722106,45841,
683762108,46263,
683802106,45464,
683842108,46464,
683882108,45632,
683922108,46254,
683962106,44593,
684002108,46152,
684042108,45471,
684082106,46207,
684122107,46215,
684162106,45792,
684202108,45784,
684242106,45320,
684282106,45407,
684322106,44655,
684362108,45438,
684402106,44487,
684442108,45368,
684482106,45368,
684522108,45919,
684562108,45336,
684602106,45135,
684642108,45576,
684682106,45672,
684722108,44991,
684762108,45168,
684802108,45401,
684842106,45648,
684882107,44729,
684922106,45816,
684962106,46319,
685002108,45152,
685042106,45680,
685082106,45656,
685122108,44305,
685162106,44961,
685202106,46352,
685242108,45273,
685282106,46088,
685322106,45712,
685362108,45480,
685402106,45536,
685442106,45353,
685482106,45353,
685522108,45129,
685562106,45417,
685602107,46607,
685642106,45721,
685682106,45369,
685722108,46215,
685762106,44666,
685802108,45889,
685842108,45201,
685922106,45752,
685962108,45792,
686002106,45521,
686042106,45033,
686082107,45434,
686122108,45169,
686162107,46113,
686202108,45256,
686242108,45536,
686282107,44865,
686322108,45520,
686362107,45648,
686402108,45281,
686442108,46208,
686482107,45528,
686522108,45968,
686562106,44882,
686602106,44633,
686642106,45760,
686682108,44649,
686722108,45688,
686762108,45712,
686802106,45434,
686842106,45434,
686882108,45752,
3119660063,48993,
686962108,45808,
687002106,45681,
687042108,46232,
687082106,45688,
687122106,46040,
687162106,46224,
687202106,45576,
687242106,44745,
687282106,45665,
687322106,45472,
687362106,45432,
687402106,45464,
687442108,44385,
687482106,45409,
687522106,45889,
687562106,44928,
687602107,45512,
687642106,45536,
687682106,45927,
687722106,45073,
687762106,45297,
687802108,45736,
687842106,44872,
687882106,45359,
687922106,45135,
687962106,45841,
688002108,46128,
688042108,45424,
688082106,44688,
688122108,44337,
688162108,45088,
688202108,45438,
688242108,45103,
688282106,45000,
688322106,44777,
688362106,45504,
688402106,45927,
688442107,44576,
688482108,45911,
688522106,45471,
688562106,45112,
688602106,45457,
688642106,44864,
688682108,45583,
688722106,45233,
688762106,44481,
688802108,45457,
688842106,44760,
688882106,45840,
688922108,44864,
688962106,44641,
689002108,46240,
689042106,44911,
689082108,45622,
689122107,45751,
689162106,45751,
689202108,44273,
689242106,44273,
689282107,45415,
689322108,44520,
689362106,45392,
689402106,44632,
689442108,45704,
689482106,44961,
689522106,44967,
689562106,44319,
689602106,45382,
689642106,45575,
689682106,45407,
689722106,45639,
689762106,45512,
689802108,45656,
689842108,45520,
689882108,45464,
689922108,45121,
689962107,45553,
690002106,45185,
690042107,44809,
690082108,47176,
690122108,45752,
690162106,45584,
690202107,45584,
690242106,45976,
690282106,45257,
690322108,45472,
690362106,45953,
690402107,45833,
690442106,45273,
690482108,45816,
690522106,45089,
690562106,45600,
690602106,45656,
690642108,44649,
690682108,46319,
690722108,46278,
690762108,45071,
690802107,45208,
690842106,45065,
690882107,45359,
690922106,44752,
690962108,45280,
3206374927,56059,
691042108,45256,
691082106,45967,
691122106,45592,
691162106,45431,
691202106,45000,
691242106,45639,
691282108,45351,
691322108,44576,
691362106,45639,
691402106,46166,
691442108,45687,
691482106,45840,
691522106,44945,
691562107,45303,
691602108,45303,
691642107,44793,
691682106,45448,
691722106,45241,
691762106,45152,
691802106,45609,
691842108,45312,
691882106,45457,
691922108,45721,
691962107,46008,
692002108,45792,
692042108,44938,
692082108,45200,
692122106,44681,
692162106,45233,
692202108,46431,
692242106,45441,
692282106,45368,
692322106,44928,
692402108,45497,
692442108,45553,
692482108,45672,
692522108,44778,
692562108,44882,
692602108,45488,
692642108,45584,
692682106,45536,
692722108,45584,
692762108,45417,
692802107,44714,
692842108,45777,
692882108,45752,
692922106,45568,
692962106,44752,
693002107,45872,
693042107,44826,
693082106,45217,
693122106,45472,
693162106,44722,
693202107,45504,
693242106,44625,
693282106,44913,
693322106,45488,
693362106,45264,
693402106,45081,
693442106,45376,
693482106,45624,
693522108,45040,
693562108,45576,
693602108,45584,
693642108,44984,
693682106,45368,
693722107,46008,
693762108,44905,
693802106,45688,
693842108,45217,
693882108,45768,
693922108,45600,
693962106,45385,
694002106,45385,
694042106,44714,
694082108,45904,
694122106,45161,
694162108,44994,
694202106,44753,
694242108,45576,
694282106,45673,
694322108,45880,
694362106,46057,
694402106,45881,
694482107,44626,
694522106,45736,
694562106,45434,
694602106,45984,
694642107,44890,
694682108,45592,
694722107,45841,
694762106,44785,
694842107,45393,
694882106,45528,
694922107,45800,
694962106,45785,
695002108,46057,
695042108,45081,
4096998920,48963,
695122108,45568,
695162108,45712,
695202108,45920,
695242108,45640,
695282108,44913,
695322106,44561,
695362108,45768,
695402106,46016,
695442108,45480,
695482106,45768,
695522106,45241,
695562106,45273,
695602106,45457,
695642108,45632,
695682106,44266,
695722108,45432,
695762106,44994,
695802106,46088,
695842106,45472,
695882108,45385,
695922106,44697,
695962106,46169,
696002108,45536,
696042108,46208,
696082108,44850,
696122106,45674,
696162106,44738,
696202108,45762,
696242106,44930,
696282108,45594,
696322107,45882,
696362106,45882,
696402108,44995,
696442107,45650,
696482107,45602,
696522106,45043,
696562106,45091,
696602106,45226,
696642106,44899,
696682106,45203,
696722108,44259,
696762106,45114,
696802106,44850,
696842108,45226,
696882106,45426,
696922106,44915,
697002106,45178,
697042108,45745,
697082106,45922,
697122108,44579,
697162106,45251,
697202106,45251,
697242108,45067,
697282106,45898,
697322106,45698,
697362106,46154,
697442106,45475,
697482106,45465,
697522108,45986,
697562108,44995,
697602106,45442,
697642106,45818,
697682106,45994,
697722106,45402,
697762108,45842,
697802106,45394,
697842106,45626,
697882107,45427,
697922108,45179,
697962108,45554,
698002106,45275,
698042106,45267,
698082106,44804,
698122108,44444,
698202108,46210,
698242106,45020,
698282108,45636,
698322106,45012,
698362108,45205,
698402106,45771,
698442108,45227,
698482107,45451,
698522106,45636,
698562108,45763,
698602108,45468,
698642106,46322,
698682108,44949,
698722106,44949,
698762106,45453,
698802106,44909,
698842106,44956,
698882108,45843,
698922108,44774,
698962108,45524,
699002106,46196,
699042106,46428,
699082106,45205,
4174298559,48964,
699202107,45421,
699242107,45317,
699282107,45461,
699322108,44766,
699362108,45413,
699402108,44886,
699442106,45629,
699482108,45022,
699522107,44726,
699562106,45973,
699602107,45326,
699642108,45829,
699682106,45278,
699722108,45734,
699762108,44990,
699802106,45669,
699842106,44886,
699882106,45166,
699922106,44983,
699962107,45430,
700002108,45967,
700042106,45319,
700082108,45270,
700122108,45758,
700162108,46590,
700202106,45118,
700242106,44975,
700282106,44856,
700322108,45662,
700362106,45095,
700402106,45695,
700442108,44839,
700482108,45678,
700522108,45806,
700562106,45846,
700602108,45207,
700642108,45007,
700682107,44592,
700722106,45056,
700762108,45151,
700802107,46278,
700842107,45568,
700882106,45975,
700922107,45655,
700962108,45288,
701002106,44808,
701042107,45271,
701082106,44856,
701122106,44856,
701162108,45895,
701202107,46031,
701242106,45463,
701282108,45280,
701322108,45416,
701362106,44928,
701402108,44928,
701442107,44841,
701482106,44881,
701522107,44889,
701562108,45169,
701602108,45601,
701642106,45680,
701682106,45232,
701722106,44594,
701762108,44953,
701802108,45098,
701842108,44538,
701882106,44403,
701922108,45530,
701962108,46360,
702002106,45560,
702042106,45969,
702082108,46057,
702122108,46791,
702162107,45456,
702202106,45889,
702242107,44449,
702282108,45689,
702322106,46984,
702362106,45154,
702402106,45442,
702442108,45762,
702482106,45624,
702522108,45386,
702562108,45138,
702602107,45490,
702642106,46257,
702682106,45138,
702722106,45586,
702762106,45314,
702802106,44347,
702882108,45570,
702922107,45363,
702962107,45738,
703002106,44867,
703042106,45841,
703082106,45626,
703122106,45458,
703162106,45322,
703202108,44883,
972635753,48925,
703322106,45395,
703362106,45075,
703402108,45442,
703442106,45315,
703482106,44979,
703522108,44979,
703562108,44508,
703602108,45963,
703642107,46123,
703682106,45099,
703722108,45820,
703762108,45772,
703802108,44301,
703842106,45475,
703882106,44884,
703922108,45556,
703962108,45826,
704002106,45548,
704042106,46291,
704082106,45444,
704122106,46362,
704162106,44653,
704202108,45708,
704242108,46379,
704282106,45996,
704322108,45045,
704362108,45085,
704442108,45747,
704482106,45508,
704522108,44765,
704562108,45653,
704602108,45892,
704642106,45253,
704722106,45980,
704762106,45821,
704802107,45269,
704842106,44990,
704882106,45221,
704922107,45229,
704962108,45341,
705002108,45173,
705042106,45253,
705082106,45173,
705122108,45317,
705162106,45605,
705202108,45956,
705242106,45269,
705282108,45373,
705322106,44654,
705362106,45948,
705402106,44829,
705442108,45557,
705482106,46627,
705522108,45181,
705562106,45109,
705602108,45341,
705642108,45803,
705682108,44526,
705722107,45300,
705762107,45157,
705802107,45477,
705842108,45093,
705882107,45093,
705922108,45452,
705962106,45141,
706002106,45940,
706042107,45980,
706082108,45078,
706122106,45628,
706162106,44845,
706202108,45829,
706242108,46364,
706282106,45613,
706322108,45749,
706362106,46141,
706402106,45623,
706442108,45151,
706482107,45253,
706522106,45263,
706562106,45088,
706602107,45703,
706642108,45591,
706682108,44711,
706722106,45071,
706762107,45423,
706802107,46063,
706842106,46598,
706882108,45176,
706922108,45918,
706962106,45272,
707002108,45384,
707082108,45376,
707122106,44113,
707162106,44968,
707202106,45160,
707242108,44666,
707282106,45001,
2435268062,48962,
707362108,45066,
707402106,45545,
707442107,46607,
707482106,45593,
707522107,45321,
707562108,44969,
707602108,45128,
707642108,45234,
707682108,46128,
707722108,45377,
707762108,45225,
707802106,46368,
707842106,44914,
707882106,45313,
707922106,44698,
707962108,44802,
708002108,45537,
708042107,44858,
708082108,45082,
708122107,44396,
708162106,45099,
708202108,45082,
708242106,44435,
708282108,44435,
708322106,45458,
708362107,45218,
708402108,44602,
708442108,45010,
708482107,45218,
708522108,45705,
708562108,45362,
708602107,45194,
708642106,44947,
708682108,45083,
708722106,45435,
708762106,45234,
708802106,46002,
708842108,45587,
708882107,44716,
708922106,45820,
708962106,45820,
709002107,46219,
709042108,45659,
709082106,44630,
709122106,45731,
709162108,45165,
709202108,46155,
709242108,44844,
709282106,45307,
709322106,44389,
709362108,44963,
709442106,44892,
709522106,45938,
709602108,45826,
709642108,45618,
709682108,44922,
709722108,46353,
709762106,45897,
709802106,46200,
709842108,45003,
709882106,44619,
709922108,45003,
709962108,45178,
710002106,45425,
710042108,45936,
710082106,45402,
710122108,45882,
710162106,45674,
710202106,45011,
710242108,45082,
710282106,45730,
710322108,44978,
710362108,45778,
710402106,45834,
710442108,45946,
710482106,45139,
710522106,45849,
710562108,46017,
710602106,45250,
710642106,45250,
710722107,44922,
710762106,44540,
710802106,45402,
710842108,45019,
710882108,45977,
710922106,45323,
710962107,45977,
711002106,45059,
711042108,45929,
711082108,45833,
711122108,46401,
711162108,45202,
711202108,45985,
711242106,46002,
711282108,45250,
711322108,46576,
1307196677,48922,
711362108,45251,
711442106,45778,
711482106,45922,
711522108,44907,
711562108,45250,
711602108,45163,
711642106,46600,
711682106,45865,
711722106,46488,
711762108,45826,
711802106,45306,
711842107,44611,
711882108,45059,
711922106,44730,
711962106,44930,
712002108,45186,
712042108,46064,
712082107,45441,
712122106,44786,
712162106,44963,
712202108,46296,
712242108,44874,
712282106,46040,
712322108,44242,
712362107,45169,
712402106,44898,
712442107,46256,
712482108,45352,
712522106,45217,
712562106,45529,
712602106,46271,
712642107,44762,
712682108,46335,
712722108,45296,
712762108,45321,
712802107,46127,
712842106,45967,
712882106,45153,
712922106,45368,
712962108,45497,
713002106,45497,
713042107,45289,
713082108,45377,
713122108,46519,
713162108,45456,
713202106,45001,
713242106,45744,
713282108,46223,
713322108,45481,
713362107,45393,
713402106,46359,
713442108,45329,
713482108,46391,
713522106,45529,
713562106,46638,
713642107,46200,
713682106,45385,
713722106,44858,
713762108,46815,
713802108,45184,
713842108,46120,
713882107,45544,
713922106,45904,
713962108,45855,
714002106,45265,
714042107,45768,
714082108,45600,
714162106,45768,
714202106,45352,
714242108,45121,
714282108,45951,
714322108,45712,
714362108,45161,
714402106,45952,
714442108,46023,
714482107,45128,
714522106,44226,
714562107,45377,
714602108,45296,
714642106,45184,
714682106,45737,
714722106,45824,
714762107,45352,
714802106,44961,
714842106,45600,
714882108,45600,
714922107,45265,
714962108,45417,
715002108,45217,
715042108,46095,
715082106,45209,
715122106,45184,
715162106,45433,
715202108,45736,
715242107,45345,
715282106,45121,
715322106,45065,
715362106,44833,
715442108,44985,
366689540,48922,
715522108,45471,
715562106,45001,
715602108,43786,
715642106,45216,
715682106,45255,
715722106,45831,
715762108,45152,
715802108,45767,
715842106,45240,
715882108,45296,
715922106,45056,
715962106,45392,
716002106,45664,
716042106,45463,
716082106,45136,
716122106,46190,
716162106,45304,
716202108,45399,
716242106,45272,
716282108,46774,
716322108,45376,
716362108,46031,
716402106,45608,
716442108,45049,
716482108,45960,
716522107,44896,
716562106,45664,
716602108,45592,
716642107,45911,
716682107,45664,
716722108,44976,
716762106,46126,
716802106,45711,
716842106,45328,
716882106,44585,
716922108,45199,
716962106,45599,
717002108,45296,
717042108,45815,
717082107,45336,
717122106,45232,
717162106,45839,
717202106,45152,
717242108,44928,
717282107,45216,
717322106,46023,
717362106,45208,
717402108,45759,
717442106,45743,
717482108,45720,
717522108,45184,
717562108,45311,
717602106,45040,
717642106,45320,
717682108,45679,
717722108,46254,
717762107,46254,
717802108,46374,
717842108,44744,
717882108,44840,
717922106,44497,
717962106,45767,
718002108,44848,
718042107,45383,
718082106,45271,
718122108,45272,
718162108,45455,
718202106,45415,
718242106,45383,
718282108,45895,
718322106,45591,
718362108,45951,
718402108,45176,
718442106,45280,
718482106,44927,
718522107,46405,
718562108,45974,
718602108,45224,
718642108,45463,
718682108,45439,
718722108,45287,
718762106,45791,
718802108,45135,
718842106,45455,
718882108,44920,
718922108,45710,
718962106,45701,
719002108,45806,
719042108,45389,
719082108,45567,
719122107,44512,
719162108,45910,
719202106,45533,
719242108,45421,
719282106,46070,
719322106,44959,
719362106,45165,
719402108,45175,
719442106,45309,
719482106,45030,
3206144183,42364,
719522108,45277,
719602108,44840,
719642106,45902,
719682106,45317,
719722106,44606,
719762108,45302,
719802106,44766,
719842107,45661,
719882108,45613,
719922108,44822,
719962108,45365,
720002106,45470,
720042106,45917,
720082106,45581,
720122108,44710,
720162106,44710,
720202106,45277,
720242108,45022,
720322108,45404,
720362106,45620,
720402106,45429,
720442107,44789,
720482106,44934,
720522106,45414,
720562106,44878,
720602108,45358,
720642107,45709,
720682108,45078,
720722108,44654,
720762107,45572,
720802108,45437,
720842108,45261,
720882106,45429,
720922107,46004,
720962108,44166,
721002106,45412,
721042106,45365,
721082106,44853,
721122108,45253,
721162108,46251,
721202108,45412,
721242107,45253,
721282108,45709,
721322108,44781,
721362106,45429,
721402106,44685,
721442108,45940,
721482108,45828,
721522106,45261,
721562108,45701,
721602107,45388,
721642108,44989,
721682108,45421,
721722106,45388,
721762107,44941,
721802107,45604,
721842107,45030,
721882106,44789,
721922108,45356,
721962108,45915,
722002108,46034,
722042108,45261,
722082107,45452,
722122108,46347,
722162108,45580,
722202108,45141,
722242106,45284,
722282106,45580,
722322106,45604,
722362107,45971,
722402108,44989,
722442108,45195,
722482108,45604,
722522107,45604,
722562108,45213,
722602106,44813,
722642108,45516,
722682108,45516,
722722106,45116,
722762107,45572,
722842108,45373,
722882106,45093,
722922106,46706,
722962106,45428,
723002106,44997,
723042106,45373,
723082107,45652,
723122106,45564,
723162107,45739,
723202108,44486,
723242107,45452,
723282108,45739,
723322108,44653,
723362107,44900,
723402107,45317,
723442108,45356,
723482106,46052,
723522108,45859,
723562106,45876,
723602108,45157,
2982624514,48921,
723682106,45404,
723722108,46164,
723762108,45236,
723802108,45867,
723842106,44629,
723882106,45859,
723922108,44956,
723962108,46090,
724002106,44908,
724042108,45596,
724082108,45675,
724122106,45404,
724162108,45157,
724202108,45428,
724242106,45716,
724282108,45132,
724322108,45604,
724362106,45628,
724402106,45436,
724442106,45548,
724482108,45388,
724522106,45435,
724562108,45060,
724602106,46162,
724642106,45787,
724682108,46466,
724722108,45915,
724762108,46146,
724802108,45731,
724842108,44677,
724882108,44677,
724922106,45157,
724962108,44797,
725002108,45876,
725042106,45580,
725082108,45428,
725122107,45691,
725162106,45404,
725202108,44685,
725242106,45500,
725282106,46123,
725322106,45404,
725362106,46522,
725402106,45572,
725442107,45325,
725482108,45228,
725522106,45052,
725562106,45556,
725602106,46235,
725642106,44860,
725682106,44709,
725722108,45084,
725762106,45236,
725802106,45795,
725842108,46314,
725882108,46156,
725922106,44542,
725962106,45947,
726002106,46059,
726042108,44397,
726082108,45452,
726122106,45683,
726162106,44813,
726202106,45988,
726242108,45795,
726282106,46100,
726322106,45468,
726362107,44821,
726402106,45428,
726442108,44677,
726482108,45213,
726522106,45213,
726562108,45460,
726602108,44733,
726642106,44974,
726682108,46251,
726722108,45116,
726762106,44605,
726802106,45037,
726842108,46027,
726882106,45012,
726922108,45149,
726962106,44918,
727002108,45444,
727042106,45572,
727082108,44900,
727122106,45325,
727162106,46060,
727202108,44982,
727242108,45412,
727282108,45412,
727322106,45221,
727362106,44981,
727402106,45859,
727442106,45795,
727482108,45012,
727522106,45165,
727562108,45061,
727602106,45396,
727642108,44741,
727682106,45556,
3206116546,10362,
727762106,45333,
727802106,45757,
727842108,45701,
727882108,44453,
727922106,45772,
727962106,44956,
728002106,46307,
728042107,45363,
728082108,44333,
728122107,45005,
728162107,44517,
728202108,45388,
728242108,44956,
728282108,45317,
728322108,44709,
728362106,45284,
728402108,44629,
728442106,45963,
728482106,45380,
728522106,44925,
728562106,45195,
728602108,45691,
728642106,44645,
728682107,44733,
728722106,45531,
728762106,45492,
728802108,45213,
728842108,45460,
728882108,45180,
728922108,45764,
728962106,45373,
729002106,45068,
729042108,45604,
729082108,44597,
729122106,44701,
729162106,46164,
729202106,45093,
729242106,46004,
729282106,44158,
729322106,45708,
729362108,44797,
729402108,45444,
729442106,45253,
729482107,44877,
729522106,45004,
729562107,45915,
729602106,45716,
729642106,45716,
729682106,45788,
729722108,45811,
729762108,45548,
729802108,45317,
729842108,45141,
729882107,44869,
729922108,45787,
729962107,45292,
730002108,44789,
730042108,45205,
730082108,44804,
730122106,46499,
730162106,46275,
730202106,45404,
730242108,44869,
730282108,45708,
730322106,45412,
730362106,45652,
730402108,46075,
730442106,45084,
730482108,44453,
730522106,44797,
730562106,45428,
730602108,45739,
730642108,45780,
730682108,44869,
730722108,44573,
730762106,46243,
730802108,45285,
730842106,45157,
730882106,45508,
730922106,45604,
730962106,45516,
731002106,45851,
731042106,45724,
731082108,45628,
731122106,45660,
731162108,46395,
731202108,44908,
731242108,46754,
731282106,45333,
731322106,44821,
731362108,45101,
731402106,45668,
731442106,44862,
731482106,46851,
731522107,46131,
731562106,45197,
731602108,45747,
731642106,45709,
731682107,45365,
731722108,45038,
1404255486,48921,
731762108,45061,
731842108,46131,
731882106,45597,
731922106,45549,
731962107,45157,
732002108,45973,
732042108,45973,
732082108,45421,
732122107,45564,
732162106,45732,
732202108,45246,
732242107,45765,
732282108,45765,
732322108,45884,
732362108,46467,
732402106,45852,
732442108,45293,
732482108,45181,
732522108,45485,
732562108,45365,
732602108,46124,
732642108,46124,
732682106,45237,
732722106,45093,
732762107,45237,
732802108,44781,
732842107,45165,
732882108,46044,
732922108,45325,
732962106,45836,
733002106,45109,
733042108,45061,
733082108,45269,
733122108,46235,
733162108,45173,
733202107,45069,
733242107,44949,
733282107,45813,
733322107,45765,
733362106,44878,
733402108,45005,
733442108,44990,
733482106,45908,
733522106,45684,
733562108,45093,
733602108,45101,
733642106,46164,
733682108,45836,
733722108,45613,
733762106,45628,
733802106,44502,
733842108,45796,
733882106,44997,
733922106,45556,
733962106,45388,
734002108,46083,
734042106,45429,
734082108,45253,
734122106,44517,
734162106,45365,
734202106,45293,
734242106,44877,
734282106,45045,
734322108,45269,
734362106,46507,
734402106,46507,
734442108,44661,
734482108,45556,
734522108,45691,
734562107,45068,
734602106,45172,
734642108,44956,
734682108,45317,
734722108,46387,
734762106,45492,
734802106,44765,
734842108,45675,
734962106,45124,
735002107,44565,
735042106,45851,
735082106,45251,
735122107,45452,
735162108,44277,
735202108,45572,
735242108,45683,
735282108,45012,
735322106,46067,
735362108,45251,
735402106,45213,
735442108,45651,
735482108,45276,
735522108,45317,
735562108,45484,
735602106,44524,
735682106,44765,
735722106,45084,
735762106,45938,
735802108,45012,
735842107,44333,
2174434570,48944,
735922108,45971,
735962107,45540,
736002108,45300,
736042106,45396,
736082108,45723,
736122108,45988,
736162106,44892,
736202107,45205,
736282106,45428,
736322106,45820,
736362108,44621,
736402106,46027,
736442108,44845,
736482106,46435,
736522108,44733,
736562108,45419,
736602108,45907,
736642108,45412,
736682108,44892,
736722108,46011,
736762108,45915,
736802106,45915,
736842106,45220,
736882106,44645,
736922106,44892,
736962108,45628,
737002106,44605,
737042108,45660,
737082108,45899,
737122108,45955,
737162106,45332,
737202106,45723,
737242108,45428,
737282108,44165,
737322106,45460,
737362106,45419,
737402108,46267,
737442108,45500,
737482107,44797,
737522108,45157,
737562106,45020,
737602107,45484,
737642106,44925,
737682107,44860,
737722108,45012,
737762108,45820,
737802108,46179,
737842107,45388,
737882108,44892,
737922107,46243,
737962108,45292,
738002108,45787,
738042106,45540,
738082107,45180,
738122107,44652,
738162107,45531,
738202106,45891,
738242106,45564,
738282108,45356,
738322108,45452,
738362108,45811,
738402106,45436,
738442108,45612,
738482108,45468,
738522106,45572,
738562107,45340,
738602106,45652,
738642108,45356,
738682106,45388,
738722106,44254,
738762108,44908,
738802106,44773,
738842107,45660,
738882108,45317,
738922108,45195,
738962106,46100,
739002108,45620,
739042106,44900,
739082106,45028,
739122106,44981,
739162108,44981,
739202108,45093,
739242106,46034,
739282107,44829,
739322107,46019,
739362108,45292,
739402108,45940,
739442108,44900,
739482108,44509,
739522107,46156,
739562108,45772,
739602108,45580,
739642108,46370,
739682108,45228,
