565922106,4096,
565842106,4096,
566362108,4096,
565882106,4096,
3783633213,16046,
566242108,4096,
566282106,4096,
566282106,4096,
566402106,4096,
565762106,4096,
565802106,4096,
566362108,4096,
566442106,4096,
566202108,4096,
566322108,4096,
566322108,4096,
566242108,4096,
566482106,4096,
566522108,4096,
566562108,4096,
566602108,4096,
566642108,4096,
566682108,4096,
566722107,4096,
566762108,4096,
566802106,4096,
566842108,4096,
566882106,4096,
566922107,4096,
566962106,4096,
567002106,4096,
567042106,4096,
567082106,4096,
567122108,4096,
567162108,4096,
567202108,4096,
567242108,4096,
567282106,4096,
567322106,4096,
567362106,4096,
567402108,4096,
567442108,4096,
567482106,4096,
567522106,4096,
567562108,4096,
567602106,4096,
567642106,4096,
567682108,4096,
567722106,4096,
567762106,4096,
567802106,4096,
567842108,4096,
567882108,4096,
567922108,4096,
567962108,4096,
568002106,4096,
568042106,4096,
568082108,4096,
568122108,4096,
568162108,4096,
568202106,4096,
568242108,4096,
568282108,4096,
568322108,4096,
568362107,4096,
568402108,4096,
568442108,4096,
568482106,4096,
568522108,4096,
1977728222,-7123,
568562108,4096,
568642108,4096,
568682107,4096,
568722108,4096,
568762108,4096,
568802107,4096,
568842108,4096,
568882108,4096,
568922106,4096,
568962108,4096,
569002107,4096,
569042107,4096,
569082106,4096,
569122106,4096,
569162107,4096,
569202108,4096,
569242107,4096,
569282108,4096,
569322106,4096,
569362106,4096,
569402106,4096,
569442106,4096,
569482108,4096,
569522108,4096,
569562107,4096,
569602107,4096,
569642108,4096,
569682108,4096,
569722106,4096,
569762108,4096,
569802106,4096,
569842108,4096,
569882108,4096,
569922106,4096,
640034342,9766,
570002108,4096,
570042107,4096,
570082107,4096,
570122106,4096,
570162108,4096,
570202106,4096,
570242108,4096,
570282108,4096,
570322106,4096,
570402106,4096,
570442107,4096,
570482106,4096,
570522107,4096,
570562108,4096,
570602107,4096,
570642106,4096,
570682106,4096,
570722106,4096,
570762108,4096,
570802107,4096,
570842108,4096,
570882106,4096,
570922108,4096,
570962106,4096,
571002108,4096,
571042106,4096,
571082107,4096,
571122108,4096,
571162108,4096,
571202108,4096,
571242106,4096,
571282106,4096,
571322108,4096,
571362106,4096,
571402106,4096,
571442106,4096,
571482106,4096,
571522108,4096,
571562106,4096,
571602106,4096,
571642108,4096,
571682106,4096,
571722106,4096,
571762106,4096,
571802107,4096,
571842108,4096,
571882108,4096,
571922106,4096,
571962106,4096,
572002108,4096,
572042108,4096,
572082106,4096,
572122106,4096,
572162106,4096,
572202108,4096,
572242107,4096,
572322106,4096,
572362106,4096,
572402108,4096,
572442106,4096,
572482107,4096,
572522106,4096,
572562106,4096,
572602107,4096,
572642108,4096,
572682106,4096,
2654584438,8971,
572762108,4096,
572802106,4096,
572842106,4096,
572882108,4096,
572922108,4096,
572962108,4096,
573002106,4096,
573042107,4096,
573082108,4096,
573122108,4096,
573162106,4096,
573202108,4096,
573242108,4096,
573282108,4096,
573322108,4096,
573362108,4096,
573402106,4096,
573442106,4096,
573482108,4096,
573522108,4096,
573562108,4096,
573602106,4096,
573642108,4096,
573682107,4096,
573722108,4096,
573762107,4096,
573802106,4096,
573842108,4096,
573882106,4096,
573922106,4096,
573962106,4096,
574002107,4096,
574042107,4096,
574082107,4096,
574122107,4096,
574162106,4096,
574202106,4096,
574242108,4096,
574282108,4096,
574322108,4096,
574362108,4096,
574402106,4096,
574442108,4096,
574482108,4096,
574522106,4096,
574562108,4096,
574602108,4096,
574642108,4096,
574682106,4096,
574722106,4096,
574762106,4096,
574802106,4096,
574842107,4096,
574882108,4096,
574922108,4096,
574962106,4096,
575002106,4096,
575042106,4096,
575082106,4096,
575122106,4096,
575162106,4096,
575202106,4096,
575242108,4096,
575282108,4096,
575322106,4096,
575362108,4096,
575402106,4096,
575442106,4096,
575482108,4096,
575522108,4096,
575562108,4096,
575602108,4096,
575642108,4096,
575682106,4096,
575722107,4096,
575762106,4096,
575802107,4096,
575842106,4096,
575882107,4096,
575922108,4096,
575962106,4096,
576002108,4096,
576042106,4096,
576082106,4096,
576122106,4096,
576162108,4096,
576202106,4096,
576242106,4096,
576282106,4096,
576322106,4096,
576362106,4096,
576402106,4096,
576442108,4096,
576482106,4096,
576522107,4096,
576562108,4096,
576602106,4096,
576642106,4096,
576682107,4096,
576722106,4096,
576762106,4096,
576802107,4096,
3436854776,25065,
576882108,4096,
576922106,4096,
576962106,4096,
577002108,4096,
577042108,4096,
577082106,4096,
577122108,4096,
577162108,4096,
577202106,4096,
577242106,4096,
577282106,4096,
577322107,4096,
577362106,4096,
577402106,4096,
577442108,4096,
577482108,4096,
577522108,4096,
577562108,4096,
577602106,4096,
577642106,4096,
577682108,4096,
577722107,4096,
577762108,4096,
577802106,4096,
577842108,4096,
577882108,4096,
577922106,4096,
577962106,4096,
578042108,4096,
578082108,4096,
578122108,4096,
578162106,4096,
578202106,4096,
578242106,4096,
578282106,4096,
578322106,4096,
578362108,4096,
578402106,4096,
578442106,4096,
578482106,4096,
578522108,4096,
578562106,4096,
578602106,4096,
578642106,4096,
578682108,4096,
578722106,4096,
578762108,4096,
578802108,4096,
578842108,4096,
578882108,4096,
578922108,4096,
578962108,4096,
579002108,4096,
579042106,4096,
579082107,4096,
579122106,4096,
579162108,4096,
579202108,4096,
579242106,4096,
579282108,4096,
579322106,4096,
579362107,4096,
579402106,4096,
579442108,4096,
579482106,4096,
579522108,4096,
579562106,4096,
579602108,4096,
579642106,4096,
579682106,4096,
579722106,4096,
579762108,4096,
579802108,4096,
579842108,4096,
579882106,4096,
579922106,4096,
579962106,4096,
580002106,4096,
580042108,4096,
580082106,4096,
580122108,4096,
580162108,4096,
580202108,4096,
580242106,4096,
580282108,4096,
580322106,4096,
580362108,4096,
580402108,4096,
580442108,4096,
580482108,4096,
580522106,4096,
580562108,4096,
580602108,4096,
580642106,4096,
580682106,4096,
580722106,4096,
580762107,4096,
580802107,4096,
580842108,4096,
580882108,4096,
580922106,4096,
580962108,4096,
814595528,-24221,
581042107,4096,
581082108,4096,
581122106,4096,
581162108,4096,
581202108,4096,
581242106,4096,
581282106,4096,
581322106,4096,
581362107,4096,
581402106,4096,
581442106,4096,
581482106,4096,
581522106,4096,
581562106,4096,
581602106,4096,
581642106,4096,
581682108,4096,
581722108,4096,
581762106,4096,
581802107,4096,
581842106,4096,
581882108,4096,
581922106,4096,
581962108,4096,
582002106,4096,
582042108,4096,
582082107,4096,
582122106,4096,
582162107,4096,
582202106,4096,
582242108,4096,
582282108,4096,
582322107,4096,
582362106,4096,
582402106,4096,
582442108,4096,
582482108,4096,
582522107,4096,
582562106,4096,
582602106,4096,
582642106,4096,
582682106,4096,
582722108,4096,
582762106,4096,
582802106,4096,
582842106,4096,
582882106,4096,
582922108,4096,
582962108,4096,
583002108,4096,
583042108,4096,
583082108,4096,
583122106,4096,
583162108,4096,
583202107,4096,
583242108,4096,
583282106,4096,
583322106,4096,
583362108,4096,
583402108,4096,
583442108,4096,
583482106,4096,
583522106,4096,
583562106,4096,
583602108,4096,
583642106,4096,
583682107,4096,
583722108,4096,
583762106,4096,
583802106,4096,
583842106,4096,
583882106,4096,
583922106,4096,
583962107,4096,
584002108,4096,
584042106,4096,
584082108,4096,
584122106,4096,
584162106,4096,
584202108,4096,
584242108,4096,
584282106,4096,
584322108,4096,
584362108,4096,
584402106,4096,
584442106,4096,
584482107,4096,
584522108,4096,
584562108,4096,
584602108,4096,
584642106,4096,
584682106,4096,
584722108,4096,
584762106,4096,
584802107,4096,
584842106,4096,
584882106,4096,
584922108,4096,
584962107,4096,
585002108,4096,
585042108,4096,
2490023168,-8127,
585082108,4096,
585162108,4096,
585202108,4096,
585242108,4096,
585282108,4096,
585322107,4096,
585402106,4096,
585442107,4096,
585482106,4096,
585522108,4096,
585562107,4096,
585602107,4096,
585642108,4096,
585682108,4096,
585722106,4096,
585762106,4096,
585802106,4096,
585842106,4096,
585882108,4096,
585922108,4096,
585962108,4096,
586002106,4096,
586042108,4096,
586082108,4096,
586122107,4096,
586162108,4096,
586202107,4096,
586242108,4096,
586282106,4096,
586322108,4096,
586362108,4096,
586402108,4096,
586442106,4096,
586482108,4096,
586522108,4096,
586562106,4096,
586602108,4096,
586642106,4096,
586682108,4096,
586722108,4096,
586762107,4096,
586802108,4096,
586842108,4096,
586882108,4096,
586922107,4096,
586962106,4096,
587002108,4096,
587042106,4096,
587082106,4096,
587122106,4096,
587162108,4096,
587202106,4096,
587242108,4096,
587282106,4096,
587322106,4096,
587362108,4096,
587402106,4096,
587442108,4096,
587482106,4096,
587522106,4096,
587562106,4096,
587602108,4096,
587642108,4096,
587682108,4096,
587722106,4096,
587762106,4096,
587802106,4096,
587842106,4096,
587882108,4096,
587922108,4096,
587962106,4096,
588002106,4096,
588042108,4096,
588082108,4096,
588122106,4096,
588162106,4096,
588202108,4096,
588242106,4096,
588282108,4096,
588322106,4096,
588362106,4096,
588402108,4096,
588442108,4096,
588482106,4096,
588522106,4096,
588562107,4096,
588602106,4096,
588642108,4096,
588682106,4096,
588722108,4096,
588762106,4096,
588802106,4096,
588842106,4096,
588882106,4096,
588922106,4096,
588962108,4096,
589002108,4096,
589042106,4096,
589082107,4096,
589122108,4096,
589162108,4096,
422231310,7966,
589202108,4096,
589282106,4096,
589322107,4096,
589362108,4096,
589402106,4096,
589442107,4096,
589482106,4096,
589522108,4096,
589562108,4096,
589602106,4096,
589642107,4096,
589682106,4096,
589722106,4096,
589762106,4096,
589802108,4096,
589842106,4096,
589882108,4096,
589922108,4096,
589962108,4096,
590002108,4096,
590042106,4096,
590082108,4096,
590122106,4096,
590162108,4096,
590202106,4096,
590242106,4096,
590282106,4096,
590322106,4096,
590362106,4096,
590402106,4096,
590442106,4096,
590482108,4096,
590522108,4096,
590562108,4096,
590602108,4096,
590642108,4096,
590682106,4096,
590722106,4096,
590762106,4096,
590802106,4096,
590842106,4096,
590882108,4096,
590922106,4096,
590962108,4096,
591002108,4096,
591042106,4096,
591082106,4096,
591122106,4096,
591162108,4096,
591202106,4096,
591242106,4096,
591282108,4096,
591322108,4096,
591362106,4096,
591402106,4096,
591442106,4096,
591482108,4096,
591562106,4096,
591602106,4096,
591642106,4096,
591682108,4096,
591722106,4096,
591762108,4096,
591802106,4096,
591842106,4096,
591882106,4096,
591922106,4096,
591962106,4096,
592002108,4096,
592042106,4096,
592082106,4096,
592122106,4096,
592162106,4096,
592202106,4096,
592282108,4096,
592322107,4096,
592362108,4096,
592402106,4096,
592442108,4096,
592482106,4096,
592522108,4096,
592562106,4096,
592602108,4096,
592642108,4096,
592682106,4096,
592722106,4096,
592762106,4096,
592802106,4096,
592842106,4096,
592882106,4096,
592922108,4096,
592962108,4096,
593002106,4096,
593082108,4096,
593122108,4096,
593162108,4096,
593202108,4096,
593242106,4096,
593282106,4096,
593322106,4096,
795622796,24060,
593442106,4096,
593482106,4096,
593522106,4096,
593562108,4096,
593602106,4096,
593642106,4096,
593682106,4096,
593722106,4096,
593762106,4096,
593802108,4096,
593842108,4096,
593882107,4096,
593922106,4096,
593962108,4096,
594002106,4096,
594042106,4096,
594082106,4096,
594122106,4096,
594162106,4096,
594202106,4096,
594242106,4096,
594282106,4096,
594322108,4096,
594362108,4096,
594402106,4096,
594442106,4096,
594482106,4096,
594522106,4096,
594562106,4096,
594602106,4096,
594642108,4096,
594682108,4096,
594722106,4096,
594802107,4096,
594842108,4096,
594882108,4096,
594922108,4096,
594962106,4096,
595002106,4096,
595042108,4096,
595082106,4096,
595122107,4096,
595162106,4096,
595202108,4096,
595242108,4096,
595282108,4096,
595322106,4096,
595362106,4096,
595402108,4096,
595442106,4096,
595482106,4096,
595522108,4096,
595562106,4096,
595602106,4096,
595642108,4096,
595682106,4096,
595722106,4096,
595762107,4096,
595802106,4096,
595842106,4096,
595882106,4096,
595922106,4096,
595962106,4096,
596002106,4096,
596042108,4096,
596082108,4096,
596122106,4096,
596162108,4096,
596202106,4096,
596242106,4096,
596282106,4096,
596322108,4096,
596362106,4096,
596402106,4096,
596442108,4096,
596482107,4096,
596522106,4096,
596562106,4096,
596602106,4096,
596642106,4096,
596682108,4096,
596722108,4096,
596762108,4096,
596802108,4096,
596842106,4096,
596882106,4096,
596922108,4096,
596962108,4096,
597002108,4096,
597042108,4096,
597082108,4096,
597122106,4096,
597162106,4096,
597202106,4096,
597242108,4096,
597282106,4096,
597322106,4096,
597362106,4096,
597402106,4096,
597442106,4096,
995212827,-25382,
597522106,4096,
597562108,4096,
597602106,4096,
597642106,4096,
597682107,4096,
597722106,4096,
597762106,4096,
597802106,4096,
597842108,4096,
597882106,4096,
597922106,4096,
597962106,4096,
598002106,4096,
598042106,4096,
598082106,4096,
598122106,4096,
598162108,4096,
598202107,4096,
598242106,4096,
598282108,4096,
598322106,4096,
598362108,4096,
598402106,4096,
598442106,4096,
598482108,4096,
598522106,4096,
598562108,4096,
598642106,4096,
598682108,4096,
598722107,4096,
598762107,4096,
598802108,4096,
598842108,4096,
598882107,4096,
598922108,4096,
598962108,4096,
599002107,4096,
599042108,4096,
599082108,4096,
599122108,4096,
599162107,4096,
599202108,4096,
599242108,4096,
599282106,4096,
599322107,4096,
599362108,4096,
599402106,4096,
599442108,4096,
599482107,4096,
599522108,4096,
599562108,4096,
599602108,4096,
599642106,4096,
599682107,4096,
599722107,4096,
599762108,4096,
599802108,4096,
599842107,4096,
599882106,4096,
599922108,4096,
599962108,4096,
600002106,4096,
600042107,4096,
600082108,4096,
600122106,4096,
600162106,4096,
600202106,4096,
600242108,4096,
600282106,4096,
600322108,4096,
600362106,4096,
600402106,4096,
600442106,4096,
600482108,4096,
600522107,4096,
600562108,4096,
600602106,4096,
600642108,4096,
600682106,4096,
600722106,4096,
600762106,4096,
600802107,4096,
600842106,4096,
600882108,4096,
600922108,4096,
600962108,4096,
601002106,4096,
601042108,4096,
601082106,4096,
601122106,4096,
601162106,4096,
601202106,4096,
601242108,4096,
601282107,4096,
601322106,4096,
601362108,4096,
601402106,4096,
601442108,4096,
601482106,4096,
601522106,4096,
601562108,4096,
2636135704,-9288,
601642108,4096,
601682108,4096,
601722106,4096,
601762106,4096,
601802106,4096,
601842108,4096,
601882108,4096,
601922108,4096,
601962108,4096,
602002106,4096,
602042107,4096,
602082106,4096,
602122107,4096,
602162108,4096,
602202106,4096,
602242108,4096,
602282108,4096,
602322108,4096,
602362108,4096,
602402106,4096,
602442106,4096,
602482106,4096,
602522108,4096,
602562106,4096,
602642108,4096,
602682108,4096,
602722106,4096,
602762106,4096,
602802106,4096,
602842108,4096,
602882108,4096,
602962108,4096,
603002108,4096,
603042106,4096,
603082106,4096,
603122106,4096,
603162106,4096,
603202108,4096,
603242106,4096,
603282106,4096,
603322108,4096,
603362106,4096,
603402106,4096,
603442108,4096,
603482108,4096,
603522108,4096,
603562106,4096,
603602108,4096,
603642106,4096,
603682107,4096,
603722106,4096,
603762108,4096,
603802108,4096,
603842107,4096,
603882106,4096,
603922107,4096,
603962107,4096,
604002108,4096,
604042106,4096,
604082108,4096,
604162106,4096,
604202108,4096,
604242106,4096,
604282108,4096,
604322106,4096,
604362106,4096,
604402106,4096,
604442108,4096,
604482106,4096,
604522106,4096,
604562106,4096,
604602106,4096,
604642106,4096,
604682106,4096,
604722106,4096,
604762106,4096,
604802106,4096,
604842108,4096,
604882108,4096,
604922106,4096,
604962106,4096,
605002106,4096,
605042106,4096,
605082106,4096,
605122108,4096,
605162106,4096,
605202106,4096,
605242108,4096,
605282108,4096,
605322108,4096,
605362108,4096,
605402106,4096,
605442106,4096,
605482106,4096,
605522106,4096,
605562108,4096,
605602106,4096,
605642106,4096,
3209946941,-10460,
605682106,4096,
605762106,4096,
605842106,4096,
605922108,4096,
605962106,4096,
606002106,4096,
606042108,4096,
606082108,4096,
606122106,4096,
606162107,4096,
606202106,4096,
606242106,4096,
606282106,4096,
606322107,4096,
606362106,4096,
606402106,4096,
606442108,4096,
606482106,4096,
606522108,4096,
606562108,4096,
606602106,4096,
606642106,4096,
606682106,4096,
606722106,4096,
606762107,4096,
606802108,4096,
606842108,4096,
606882106,4096,
606922106,4096,
606962106,4096,
607002108,4096,
607042108,4096,
607082108,4096,
607122108,4096,
607162106,4096,
607202108,4096,
607242108,4096,
607282106,4096,
607322108,4096,
607362107,4096,
607402106,4096,
607442108,4096,
607482108,4096,
607522108,4096,
607562107,4096,
607602106,4096,
607642108,4096,
607682108,4096,
607722106,4096,
607762108,4096,
607802106,4096,
607842106,4096,
607882106,4096,
607922106,4096,
607962108,4096,
608002106,4096,
608042106,4096,
608082108,4096,
608122108,4096,
608162106,4096,
608202108,4096,
608242106,4096,
608282106,4096,
608322108,4096,
608362107,4096,
608402108,4096,
608442106,4096,
608482108,4096,
608522106,4096,
608562106,4096,
608602106,4096,
608642108,4096,
608682108,4096,
608722108,4096,
608762108,4096,
608802106,4096,
608842106,4096,
608882107,4096,
608922106,4096,
608962106,4096,
609002106,4096,
609042108,4096,
609082108,4096,
609122108,4096,
609162108,4096,
609202108,4096,
609242107,4096,
609282107,4096,
609322106,4096,
609362106,4096,
609402106,4096,
609442106,4096,
609482108,4096,
609522107,4096,
609562107,4096,
609602108,4096,
609642106,4096,
609682106,4096,
609722108,4096,
609762106,4096,
609802106,4096,
4201430358,22899,
609882108,4096,
609922106,4096,
609962108,4096,
610002108,4096,
610042106,4096,
610082108,4096,
610122108,4096,
610162106,4096,
610202106,4096,
610242107,4096,
610282106,4096,
610322106,4096,
610362106,4096,
610402106,4096,
610442108,4096,
610482108,4096,
610522106,4096,
610562106,4096,
610602106,4096,
610642108,4096,
610682106,4096,
610722108,4096,
610762108,4096,
610802108,4096,
610842106,4096,
610882106,4096,
610922107,4096,
610962108,4096,
611002108,4096,
611082106,4096,
611122108,4096,
611162106,4096,
611202106,4096,
611242108,4096,
611282106,4096,
611322108,4096,
611362107,4096,
611402108,4096,
611442106,4096,
611482106,4096,
611522106,4096,
611562108,4096,
611602108,4096,
611642108,4096,
611682108,4096,
611722108,4096,
611762108,4096,
611802108,4096,
611842108,4096,
611882106,4096,
611922106,4096,
611962108,4096,
612002106,4096,
612042108,4096,
612082108,4096,
612122108,4096,
612162106,4096,
612202108,4096,
612242106,4096,
612282107,4096,
612322106,4096,
612362106,4096,
612402106,4096,
612442108,4096,
612522106,4096,
612562108,4096,
612602108,4096,
612642108,4096,
612682106,4096,
612722106,4096,
612762108,4096,
612802106,4096,
612842108,4096,
612882108,4096,
612922108,4096,
612962106,4096,
613002107,4096,
613042108,4096,
613082108,4096,
613122106,4096,
613162108,4096,
613202106,4096,
613242106,4096,
613282106,4096,
613322108,4096,
613362106,4096,
613402106,4096,
613442108,4096,
613482108,4096,
613522108,4096,
613562106,4096,
613602108,4096,
613642106,4096,
613682106,4096,
613722106,4096,
613762106,4096,
613802108,4096,
613842106,4096,
613882108,4096,
613922106,4096,
2684730797,-26543,
614002107,4096,
614042107,4096,
614082108,4096,
614122108,4096,
614162106,4096,
614202107,4096,
614242106,4096,
614282106,4096,
614322108,4096,
614362108,4096,
614402107,4096,
614442106,4096,
614482108,4096,
614522106,4096,
614562107,4096,
614602107,4096,
614642108,4096,
614682108,4096,
614722106,4096,
614762108,4096,
614802108,4096,
614842108,4096,
614922106,4096,
614962106,4096,
615002106,4096,
615042108,4096,
615082108,4096,
615122106,4096,
615162106,4096,
615202106,4096,
615242108,4096,
615282107,4096,
615322106,4096,
615362108,4096,
615402107,4096,
615442108,4096,
615482106,4096,
615522106,4096,
615562106,4096,
615602108,4096,
615642107,4096,
615682106,4096,
615722106,4096,
615762108,4096,
615802106,4096,
615842108,4096,
615882107,4096,
615922106,4096,
615962106,4096,
616002107,4096,
616042106,4096,
616082108,4096,
616122106,4096,
616162108,4096,
616202106,4096,
616242106,4096,
616282108,4096,
616322108,4096,
616362106,4096,
616402107,4096,
616442108,4096,
616482106,4096,
616522106,4096,
616562106,4096,
616602106,4096,
616642106,4096,
616682108,4096,
616722108,4096,
616762108,4096,
616802107,4096,
616842108,4096,
616882107,4096,
616922106,4096,
616962106,4096,
617002106,4096,
617042108,4096,
617082108,4096,
617122106,4096,
617162106,4096,
617202106,4096,
617242106,4096,
617282106,4096,
617322108,4096,
617362106,4096,
617402108,4096,
617442108,4096,
617482108,4096,
617522107,4096,
617562108,4096,
617602108,4096,
617642106,4096,
617682108,4096,
617722108,4096,
617762106,4096,
617802106,4096,
617842106,4096,
617882108,4096,
617922106,4096,
617962107,4096,
297156170,-10606,
618002108,4096,
618082108,4096,
618122106,4096,
618162107,4096,
618202108,4096,
618242108,4096,
618282106,4096,
618322106,4096,
618362108,4096,
618402106,4096,
618442106,4096,
618482106,4096,
618522108,4096,
618562108,4096,
618602106,4096,
618642108,4096,
618682106,4096,
618722108,4096,
618762106,4096,
618802107,4096,
618842106,4096,
618882108,4096,
618922106,4096,
618962108,4096,
619002106,4096,
619042108,4096,
619082108,4096,
619122108,4096,
619162106,4096,
619202108,4096,
619242108,4096,
619282108,4096,
619322106,4096,
619362106,4096,
619402107,4096,
619442108,4096,
619482108,4096,
619522106,4096,
619562108,4096,
619602106,4096,
619642106,4096,
619682108,4096,
619722108,4096,
619762108,4096,
619802107,4096,
619842106,4096,
619882106,4096,
619922106,4096,
619962108,4096,
620002106,4096,
620042106,4096,
620082108,4096,
620122108,4096,
620162108,4096,
620202108,4096,
620242108,4096,
620282108,4096,
620322106,4096,
620362106,4096,
620402108,4096,
620442108,4096,
620482108,4096,
620522108,4096,
620562108,4096,
620602107,4096,
620642106,4096,
620682106,4096,
620722106,4096,
620762106,4096,
620802106,4096,
620842106,4096,
620882108,4096,
620922108,4096,
620962108,4096,
621002106,4096,
621042108,4096,
621082106,4096,
621122108,4096,
621162106,4096,
621202108,4096,
621242108,4096,
621282107,4096,
621322108,4096,
621362106,4096,
621402106,4096,
621442108,4096,
621482107,4096,
621522108,4096,
621562106,4096,
621602108,4096,
621642106,4096,
621682106,4096,
621722106,4096,
621762106,4096,
621802108,4096,
621842106,4096,
621882106,4096,
621922106,4096,
621962108,4096,
622002106,4096,
622042108,4096,
622082106,4096,
783007086,5332,
622162108,4096,
622202106,4096,
622242106,4096,
622282106,4096,
622322106,4096,
622362108,4096,
622402106,4096,
622442108,4096,
622482106,4096,
622522106,4096,
622562106,4096,
622602106,4096,
622642108,4096,
622682107,4096,
622722108,4096,
622762108,4096,
622802108,4096,
622842108,4096,
622882106,4096,
622922108,4096,
622962107,4096,
623002108,4096,
623042108,4096,
623122106,4096,
623162108,4096,
623202108,4096,
623242108,4096,
623282108,4096,
623322108,4096,
623362108,4096,
623402106,4096,
623442107,4096,
623482106,4096,
623522108,4096,
623562108,4096,
623602106,4096,
623642106,4096,
623682106,4096,
623722106,4096,
623762108,4096,
623802108,4096,
623842106,4096,
623882108,4096,
623922106,4096,
623962108,4096,
624002106,4096,
624042106,4096,
624082106,4096,
624122106,4096,
624162107,4096,
624202106,4096,
624242108,4096,
624282107,4096,
624322107,4096,
624362106,4096,
624402108,4096,
624442106,4096,
624482108,4096,
624522107,4096,
624562107,4096,
624602106,4096,
624642107,4096,
624682107,4096,
624722106,4096,
624762106,4096,
624802106,4096,
624842108,4096,
624882106,4096,
624922106,4096,
624962106,4096,
625002106,4096,
625042108,4096,
625082107,4096,
625122106,4096,
625202107,4096,
625242108,4096,
625282106,4096,
625322106,4096,
625362108,4096,
625402106,4096,
625442106,4096,
625482106,4096,
625522106,4096,
625562106,4096,
625602106,4096,
625642106,4096,
625682106,4096,
625722106,4096,
625762108,4096,
625802106,4096,
625842108,4096,
625882108,4096,
625922108,4096,
625962108,4096,
626002106,4096,
626042106,4096,
626082106,4096,
626122106,4096,
92093757,21269,
626162106,4096,
626242108,4096,
626282106,4096,
626322107,4096,
626362108,4096,
626402106,4096,
626442106,4096,
626482107,4096,
626522106,4096,
626562106,4096,
626602106,4096,
626642106,4096,
626682106,4096,
626722106,4096,
626762107,4096,
626802108,4096,
626842106,4096,
626882106,4096,
626922108,4096,
626962108,4096,
627002106,4096,
627042106,4096,
627082106,4096,
627122108,4096,
627162108,4096,
627202106,4096,
627242107,4096,
627282107,4096,
627322107,4096,
627362108,4096,
627402108,4096,
627442106,4096,
627482108,4096,
627522106,4096,
627562106,4096,
627602106,4096,
627642106,4096,
627682106,4096,
627722108,4096,
627762108,4096,
627802106,4096,
627842106,4096,
627882106,4096,
627922108,4096,
627962108,4096,
628002107,4096,
628042108,4096,
628082106,4096,
628122108,4096,
628162108,4096,
628202107,4096,
628242106,4096,
628282106,4096,
628322107,4096,
628362108,4096,
628402106,4096,
628442108,4096,
628482108,4096,
628522106,4096,
628562106,4096,
628602106,4096,
628642108,4096,
628682108,4096,
628722106,4096,
628762108,4096,
628802108,4096,
628842106,4096,
628882107,4096,
628922106,4096,
628962108,4096,
629002107,4096,
629042106,4096,
629082106,4096,
629122108,4096,
629162106,4096,
629202106,4096,
629242106,4096,
629282106,4096,
629322108,4096,
629362107,4096,
629402107,4096,
629442108,4096,
629482106,4096,
629522106,4096,
629562106,4096,
629602108,4096,
629642107,4096,
629682108,4096,
629722108,4096,
629762106,4096,
629802106,4096,
629842106,4096,
629882106,4096,
629922106,4096,
629962106,4096,
630002108,4096,
630042108,4096,
630082108,4096,
630122108,4096,
630162108,4096,
2274409755,-28485,
630202106,4096,
630282106,4096,
630322106,4096,
630362106,4096,
630402106,4096,
630442107,4096,
630482106,4096,
630522106,4096,
630562106,4096,
630602106,4096,
630642108,4096,
630682106,4096,
630722108,4096,
630762106,4096,
630802106,4096,
630842106,4096,
630882106,4096,
630922106,4096,
630962108,4096,
631002108,4096,
631042106,4096,
631082106,4096,
631122108,4096,
631162107,4096,
631202108,4096,
631242108,4096,
631282106,4096,
631322108,4096,
631362107,4096,
631402108,4096,
631442108,4096,
631482106,4096,
631522108,4096,
631562106,4096,
631602108,4096,
631642106,4096,
631682107,4096,
631722108,4096,
631762107,4096,
631802108,4096,
631842108,4096,
631882106,4096,
631922106,4096,
631962108,4096,
632002106,4096,
632042107,4096,
632082106,4096,
632122106,4096,
632162108,4096,
632202108,4096,
632242106,4096,
632282108,4096,
632322107,4096,
632362108,4096,
632402106,4096,
632442106,4096,
632482108,4096,
632522106,4096,
632562106,4096,
632602108,4096,
632642107,4096,
632682108,4096,
632722108,4096,
632762106,4096,
632802108,4096,
632842108,4096,
632882106,4096,
632922106,4096,
632962108,4096,
633002106,4096,
633082108,4096,
633122108,4096,
633162106,4096,
633202106,4096,
633242108,4096,
633282108,4096,
633322106,4096,
633362106,4096,
633402106,4096,
633442106,4096,
633482108,4096,
633522108,4096,
633562108,4096,
633602106,4096,
633682108,4096,
633722106,4096,
633762108,4096,
633802106,4096,
633842106,4096,
633882106,4096,
633922108,4096,
633962107,4096,
634002106,4096,
634042106,4096,
634082107,4096,
634122108,4096,
634162108,4096,
634202108,4096,
634242106,4096,
1182743994,-12704,
634322106,4096,
634362107,4096,
634402106,4096,
634442106,4096,
634482108,4096,
634522106,4096,
634562108,4096,
634602108,4096,
634642106,4096,
634682106,4096,
634722108,4096,
634762106,4096,
634802106,4096,
634842108,4096,
634882106,4096,
634922106,4096,
634962106,4096,
635002107,4096,
635042108,4096,
635082108,4096,
635122106,4096,
635162106,4096,
635202108,4096,
635242108,4096,
635282107,4096,
635322106,4096,
635362108,4096,
635402106,4096,
635442106,4096,
635482106,4096,
635522108,4096,
635562106,4096,
635602106,4096,
635642106,4096,
635682108,4096,
635722106,4096,
635762107,4096,
635802108,4096,
635842106,4096,
635922106,4096,
635962106,4096,
636002108,4096,
636042106,4096,
636082108,4096,
636162106,4096,
636202106,4096,
636242106,4096,
636282106,4096,
636322106,4096,
636362106,4096,
636402108,4096,
636442106,4096,
636482108,4096,
636522106,4096,
636562106,4096,
636602106,4096,
636642108,4096,
636682108,4096,
636722107,4096,
636762106,4096,
636802106,4096,
636842106,4096,
636882106,4096,
636922107,4096,
636962108,4096,
637002108,4096,
637042106,4096,
637082106,4096,
637122108,4096,
637162106,4096,
637202106,4096,
637242108,4096,
637282106,4096,
637322108,4096,
637362108,4096,
637402108,4096,
637442108,4096,
637482108,4096,
637522106,4096,
637562106,4096,
637602108,4096,
637642106,4096,
637682106,4096,
637722106,4096,
637762108,4096,
637802106,4096,
637842106,4096,
637882108,4096,
637922108,4096,
637962106,4096,
638002108,4096,
638042106,4096,
638082106,4096,
638122108,4096,
638162106,4096,
638202107,4096,
638242106,4096,
638282106,4096,
856211082,3077,
638362106,4096,
638402106,4096,
638442108,4096,
638482107,4096,
638522108,4096,
638562106,4096,
638602108,4096,
638642106,4096,
638682106,4096,
638722106,4096,
638762106,4096,
638802107,4096,
638842108,4096,
638882107,4096,
638922106,4096,
638962108,4096,
639002108,4096,
639042108,4096,
639082106,4096,
639122106,4096,
639162106,4096,
639202108,4096,
639242106,4096,
639282106,4096,
639322106,4096,
639362106,4096,
639402108,4096,
639442106,4096,
639482106,4096,
639522108,4096,
639562107,4096,
639602106,4096,
639642107,4096,
639682106,4096,
639722108,4096,
639762106,4096,
639802106,4096,
639842106,4096,
639882106,4096,
639922106,4096,
639962108,4096,
640002108,4096,
640042106,4096,
640082108,4096,
640122108,4096,
640162108,4096,
640202108,4096,
640242107,4096,
640282106,4096,
640322106,4096,
640362106,4096,
640402106,4096,
640442106,4096,
640482106,4096,
640522108,4096,
640562106,4096,
640602108,4096,
640642107,4096,
640682108,4096,
640722106,4096,
640762106,4096,
640802106,4096,
640842107,4096,
640882108,4096,
640922108,4096,
640962108,4096,
641002106,4096,
641042107,4096,
641082106,4096,
641122107,4096,
641162106,4096,
641202106,4096,
641242108,4096,
641282106,4096,
641322106,4096,
641362108,4096,
641442108,4096,
641482106,4096,
641522108,4096,
641562107,4096,
641602108,4096,
641642108,4096,
641682108,4096,
641722108,4096,
641762107,4096,
641802108,4096,
641842106,4096,
641882107,4096,
641922107,4096,
642002108,4096,
642042108,4096,
642082106,4096,
642122106,4096,
642162106,4096,
642202106,4096,
642242108,4096,
642282107,4096,
642322107,4096,
2979282673,18858,
642402106,4096,
642442108,4096,
642482106,4096,
642522108,4096,
642562106,4096,
642602106,4096,
642642106,4096,
642682108,4096,
642722107,4096,
642762108,4096,
642802108,4096,
642842108,4096,
642882108,4096,
642922108,4096,
642962106,4096,
643002108,4096,
643042108,4096,
643082106,4096,
643122108,4096,
643162108,4096,
643202106,4096,
643242108,4096,
643282106,4096,
643322106,4096,
643362106,4096,
643402107,4096,
643442108,4096,
643482106,4096,
643522108,4096,
643562106,4096,
643602106,4096,
643642108,4096,
643682107,4096,
643722106,4096,
643762108,4096,
643802106,4096,
643842106,4096,
643882108,4096,
643922108,4096,
643962106,4096,
644002106,4096,
644042106,4096,
644082108,4096,
644122106,4096,
644162106,4096,
644202107,4096,
644242106,4096,
644282108,4096,
644322108,4096,
644362108,4096,
644402106,4096,
644442106,4096,
644482107,4096,
644522107,4096,
644562106,4096,
644602106,4096,
644642106,4096,
644682108,4096,
644722108,4096,
644762108,4096,
644802108,4096,
644842107,4096,
644882108,4096,
644922106,4096,
644962106,4096,
645002106,4096,
645042106,4096,
645082108,4096,
645122108,4096,
645162106,4096,
645202108,4096,
645242108,4096,
645322107,4096,
645362106,4096,
645402107,4096,
645442106,4096,
645482108,4096,
645522106,4096,
645562108,4096,
645602108,4096,
645642108,4096,
645682106,4096,
645722108,4096,
645762106,4096,
645802106,4096,
645842106,4096,
645882106,4096,
645922108,4096,
645962106,4096,
646002108,4096,
646042106,4096,
646082106,4096,
646122106,4096,
646162106,4096,
646202108,4096,
646242106,4096,
646282108,4096,
646322106,4096,
646362107,4096,
1568882326,-30896,
646442106,4096,
646482108,4096,
646522108,4096,
646562108,4096,
646602106,4096,
646642108,4096,
646682106,4096,
646722108,4096,
646762106,4096,
646802106,4096,
646842108,4096,
646882107,4096,
646922106,4096,
646962106,4096,
647002108,4096,
647042106,4096,
647082108,4096,
647122107,4096,
647162108,4096,
647202108,4096,
647242108,4096,
647282108,4096,
647322108,4096,
647362108,4096,
647402107,4096,
647442106,4096,
647522107,4096,
647562106,4096,
647602108,4096,
647642106,4096,
647682108,4096,
647722106,4096,
647762106,4096,
647802106,4096,
647842108,4096,
647882108,4096,
647922108,4096,
647962106,4096,
648002106,4096,
648042106,4096,
648082106,4096,
648122106,4096,
648162107,4096,
648202108,4096,
648242108,4096,
648282108,4096,
648322107,4096,
648362106,4096,
648402106,4096,
648442108,4096,
648482108,4096,
648522108,4096,
648562108,4096,
648602107,4096,
648642108,4096,
648682106,4096,
648722108,4096,
648762108,4096,
648802108,4096,
648842106,4096,
648882108,4096,
648922108,4096,
648962108,4096,
649002107,4096,
649042108,4096,
649082108,4096,
649122106,4096,
649162108,4096,
649202107,4096,
649242108,4096,
649282106,4096,
649322108,4096,
649362108,4096,
649402107,4096,
649442108,4096,
649482106,4096,
649522106,4096,
649562106,4096,
649602108,4096,
649642107,4096,
649682106,4096,
649722106,4096,
649762106,4096,
649802108,4096,
649842106,4096,
649882106,4096,
649922106,4096,
649962106,4096,
650002107,4096,
650042106,4096,
650082106,4096,
650122106,4096,
650162108,4096,
650202108,4096,
650242108,4096,
650282108,4096,
650322106,4096,
650362108,4096,
650402106,4096,
323337926,-15115,
650482108,4096,
650562106,4096,
650602106,4096,
650642106,4096,
650682106,4096,
650722108,4096,
650762108,4096,
650802108,4096,
650842108,4096,
650882106,4096,
650922108,4096,
650962107,4096,
651002106,4096,
651042106,4096,
651082106,4096,
651122106,4096,
651162106,4096,
651202106,4096,
651242106,4096,
651282106,4096,
651322106,4096,
651362106,4096,
651402108,4096,
651442106,4096,
651482106,4096,
651522106,4096,
651562106,4096,
651602106,4096,
651642108,4096,
651682106,4096,
651722106,4096,
651762106,4096,
651802107,4096,
651842108,4096,
651882108,4096,
651922106,4096,
651962108,4096,
652002106,4096,
652042106,4096,
652082106,4096,
652122108,4096,
652162108,4096,
652202106,4096,
652242106,4096,
652282106,4096,
652322107,4096,
652362106,4096,
652402108,4096,
652442107,4096,
652482106,4096,
652522108,4096,
652562106,4096,
652602106,4096,
652642106,4096,
652682106,4096,
652722106,4096,
652762106,4096,
652802106,4096,
652842106,4096,
652882106,4096,
652922106,4096,
652962106,4096,
653002106,4096,
653042108,4096,
653082107,4096,
653122106,4096,
653162108,4096,
653202107,4096,
653242108,4096,
653282107,4096,
653322106,4096,
653362106,4096,
653402108,4096,
653442108,4096,
653482108,4096,
653522108,4096,
653562106,4096,
653602107,4096,
653642108,4096,
653682108,4096,
653722108,4096,
653762108,4096,
653802107,4096,
653842106,4096,
653882106,4096,
653922106,4096,
653962106,4096,
654002108,4096,
654042106,4096,
654082108,4096,
654122108,4096,
654162106,4096,
654202107,4096,
654242106,4096,
654282108,4096,
654322108,4096,
654362106,4096,
654402108,4096,
654442108,4096,
192364183,666,
654522106,4096,
654562108,4096,
654602108,4096,
654642106,4096,
654682108,4096,
654722107,4096,
654762106,4096,
654802108,4096,
654842108,4096,
654882106,4096,
654922106,4096,
654962108,4096,
655002108,4096,
655042108,4096,
655082107,4096,
655122108,4096,
655162108,4096,
655202106,4096,
655242107,4096,
655282106,4096,
655322108,4096,
655362107,4096,
655402108,4096,
655442106,4096,
655482106,4096,
655522107,4096,
655562107,4096,
655602106,4096,
655642108,4096,
655682108,4096,
655722106,4096,
655762106,4096,
655802108,4096,
655842106,4096,
3368601800,-14136,
655922107,4096,
655962108,4096,
656002108,4096,
656042107,4096,
656082108,4096,
656122106,4096,
656162107,4096,
656202106,4096,
656242106,4096,
656282108,4096,
656322108,4096,
656362106,4096,
656402106,4096,
656442106,4096,
656482106,4096,
656522106,4096,
656562108,4096,
656602106,4096,
656642108,4096,
656682106,4096,
656722106,4096,
656762108,4096,
656802106,4096,
656842107,4096,
656882106,4096,
656922108,4096,
656962106,4096,
657002107,4096,
657042108,4096,
657082106,4096,
657122106,4096,
657162107,4096,
657202108,4096,
657242106,4096,
657282108,4096,
657322108,4096,
657362108,4096,
657402106,4096,
657442108,4096,
657482106,4096,
657522106,4096,
657562106,4096,
657602106,4096,
657642106,4096,
657682108,4096,
657722108,4096,
657762108,4096,
657802106,4096,
657842108,4096,
657882108,4096,
657922106,4096,
657962106,4096,
658002106,4096,
658042106,4096,
658082108,4096,
658122106,4096,
658162108,4096,
658202108,4096,
658242108,4096,
658282107,4096,
658322108,4096,
658362106,4096,
658402106,4096,
658442106,4096,
3474669005,16447,
658482106,4096,
658562108,4096,
658602108,4096,
658642107,4096,
658682107,4096,
658722108,4096,
658762108,4096,
658802107,4096,
658842107,4096,
658882108,4096,
658922108,4096,
658962106,4096,
659002106,4096,
659042108,4096,
659082106,4096,
659122108,4096,
659162108,4096,
659202108,4096,
659242108,4096,
659282106,4096,
659322106,4096,
659362106,4096,
659402108,4096,
659442106,4096,
659482106,4096,
659522107,4096,
659562107,4096,
659602108,4096,
659642106,4096,
659682107,4096,
659722106,4096,
659762107,4096,
659802108,4096,
659842108,4096,
659882106,4096,
659922108,4096,
660002106,4096,
660042106,4096,
660082106,4096,
660122107,4096,
660162106,4096,
660202108,4096,
660242108,4096,
660282106,4096,
660322106,4096,
660362106,4096,
660402106,4096,
660442106,4096,
660482106,4096,
660562106,4096,
660602108,4096,
660642107,4096,
660682106,4096,
660722108,4096,
660762106,4096,
660802106,4096,
660842108,4096,
660882108,4096,
660922108,4096,
660962108,4096,
661002108,4096,
661042108,4096,
661082108,4096,
661122107,4096,
661162108,4096,
661202106,4096,
661242106,4096,
661282106,4096,
661322106,4096,
661362106,4096,
661402106,4096,
661442106,4096,
661482108,4096,
661522106,4096,
661562106,4096,
661602108,4096,
661642106,4096,
661682108,4096,
661722106,4096,
661762108,4096,
661802106,4096,
661842106,4096,
661882107,4096,
661922106,4096,
661962106,4096,
662002106,4096,
662042106,4096,
662082108,4096,
662122108,4096,
662162107,4096,
662202106,4096,
662242106,4096,
662282106,4096,
662322108,4096,
662362106,4096,
662402107,4096,
662442108,4096,
662482108,4096,
662522107,4096,
3756801684,32229,
662602108,4096,
662642108,4096,
662682106,4096,
662722108,4096,
662762107,4096,
662802106,4096,
662842108,4096,
662882108,4096,
662922108,4096,
663002108,4096,
663042106,4096,
663082108,4096,
663122106,4096,
663162108,4096,
663202106,4096,
663242106,4096,
663282106,4096,
663322106,4096,
663362106,4096,
663402107,4096,
663442106,4096,
663482106,4096,
663522108,4096,
663562106,4096,
663602108,4096,
663642106,4096,
663682106,4096,
663722106,4096,
663762108,4096,
663802106,4096,
663842108,4096,
663882107,4096,
663922106,4096,
663962108,4096,
664002108,4096,
664042106,4096,
664082106,4096,
664122106,4096,
664162106,4096,
664202108,4096,
664242106,4096,
664282106,4096,
664322106,4096,
664362108,4096,
664402107,4096,
664442108,4096,
664482108,4096,
664522106,4096,
664562108,4096,
664602107,4096,
664642108,4096,
664682106,4096,
664722106,4096,
664762107,4096,
664802106,4096,
664842106,4096,
664882107,4096,
664922108,4096,
664962106,4096,
665002108,4096,
665042106,4096,
665082106,4096,
665122106,4096,
665162107,4096,
665202108,4096,
665242106,4096,
665282106,4096,
665322106,4096,
665362108,4096,
665402108,4096,
665442106,4096,
665482108,4096,
665522108,4096,
665562108,4096,
665602108,4096,
665642106,4096,
665682106,4096,
665722106,4096,
665762108,4096,
665802106,4096,
665842108,4096,
665882108,4096,
665922106,4096,
665962108,4096,
666002108,4096,
666042106,4096,
666082108,4096,
666122107,4096,
666162106,4096,
666202108,4096,
666242106,4096,
666282106,4096,
666322107,4096,
666362108,4096,
666402106,4096,
666442107,4096,
666482106,4096,
666522106,4096,
666562106,4096,
1440431488,-17526,
666642107,4096,
666682106,4096,
666722108,4096,
666762106,4096,
666802106,4096,
666842108,4096,
666882108,4096,
666922106,4096,
666962108,4096,
667002106,4096,
667042108,4096,
667082106,4096,
667122108,4096,
667162108,4096,
667202108,4096,
667242108,4096,
667282107,4096,
667322108,4096,
667362106,4096,
667402108,4096,
667442107,4096,
667482106,4096,
667522107,4096,
667562106,4096,
667602106,4096,
667642106,4096,
667682108,4096,
667722106,4096,
667762107,4096,
667802106,4096,
667842106,4096,
667882107,4096,
667922108,4096,
667962106,4096,
668002106,4096,
668042106,4096,
668082107,4096,
668122106,4096,
668162106,4096,
668202106,4096,
668242107,4096,
668282107,4096,
668322106,4096,
668362106,4096,
668402106,4096,
668442106,4096,
668482106,4096,
668522106,4096,
668562106,4096,
668602106,4096,
668642108,4096,
668682106,4096,
668722106,4096,
668762108,4096,
668802106,4096,
668842106,4096,
668882106,4096,
668922106,4096,
668962108,4096,
669002106,4096,
669042107,4096,
669082107,4096,
669122106,4096,
669162106,4096,
669202106,4096,
669242106,4096,
669282107,4096,
669322106,4096,
669362107,4096,
669402106,4096,
669442108,4096,
669482106,4096,
669522106,4096,
669562106,4096,
669602106,4096,
669642107,4096,
669682108,4096,
669722108,4096,
669762106,4096,
669802106,4096,
669842106,4096,
669882106,4096,
669922106,4096,
669962106,4096,
670002108,4096,
670042106,4096,
670082106,4096,
670122106,4096,
670162108,4096,
670202106,4096,
670242106,4096,
670282108,4096,
670322106,4096,
670362107,4096,
670402106,4096,
670442108,4096,
670482106,4096,
670522108,4096,
670562108,4096,
2227125269,-1745,
670602106,4096,
670682107,4096,
670722107,4096,
670762107,4096,
670802106,4096,
670842108,4096,
670882106,4096,
670922106,4096,
670962106,4096,
671002106,4096,
671042108,4096,
671082106,4096,
671122107,4096,
671162106,4096,
671202106,4096,
671242108,4096,
671282108,4096,
671322108,4096,
671362108,4096,
671402106,4096,
671442106,4096,
671482108,4096,
671522106,4096,
671562107,4096,
671602106,4096,
671642106,4096,
671682108,4096,
671722106,4096,
671762108,4096,
671802106,4096,
671842106,4096,
671882108,4096,
671922106,4096,
671962106,4096,
672002106,4096,
672042108,4096,
672082106,4096,
672122106,4096,
672162106,4096,
672202106,4096,
672242106,4096,
672282106,4096,
672322106,4096,
672362108,4096,
672402106,4096,
672442108,4096,
672482108,4096,
672522108,4096,
672562106,4096,
672602108,4096,
672642106,4096,
672682106,4096,
672722107,4096,
672762106,4096,
672802108,4096,
672842106,4096,
672882108,4096,
672922106,4096,
672962106,4096,
673002106,4096,
673042108,4096,
673082106,4096,
673122108,4096,
673162106,4096,
673202106,4096,
673242108,4096,
673282106,4096,
673322106,4096,
673362108,4096,
673402106,4096,
673442106,4096,
673482106,4096,
673522106,4096,
673562107,4096,
673602108,4096,
673642106,4096,
673682108,4096,
673722106,4096,
673762108,4096,
673802108,4096,
673842106,4096,
673882106,4096,
673962106,4096,
674002107,4096,
674042106,4096,
674082106,4096,
674122106,4096,
674162107,4096,
674202106,4096,
674242108,4096,
674282108,4096,
674322108,4096,
674362107,4096,
674402106,4096,
674442108,4096,
674482106,4096,
674522106,4096,
674562106,4096,
674602106,4096,
674642107,4096,
106904981,14036,
674722106,4096,
674762107,4096,
674802108,4096,
674842106,4096,
674882108,4096,
674922106,4096,
674962106,4096,
675002107,4096,
675042106,4096,
675082106,4096,
675122106,4096,
675162108,4096,
675202106,4096,
675242106,4096,
675282106,4096,
675322106,4096,
675362106,4096,
675402106,4096,
675442106,4096,
675482107,4096,
675522106,4096,
675562108,4096,
675602108,4096,
675642106,4096,
675682106,4096,
675722106,4096,
675762106,4096,
675802106,4096,
675842106,4096,
675882106,4096,
675922108,4096,
675962106,4096,
676002108,4096,
676042106,4096,
676082106,4096,
676122108,4096,
676162107,4096,
676202106,4096,
676242106,4096,
676282106,4096,
676322108,4096,
676362106,4096,
676402106,4096,
676442108,4096,
676482106,4096,
676522107,4096,
676562106,4096,
676602106,4096,
676642108,4096,
676682107,4096,
676722108,4096,
676762106,4096,
676802108,4096,
676842108,4096,
676882106,4096,
676922108,4096,
676962108,4096,
677002107,4096,
677042108,4096,
677082106,4096,
677122106,4096,
677162106,4096,
677202107,4096,
677242108,4096,
677282108,4096,
677322108,4096,
677362107,4096,
677402106,4096,
677442106,4096,
677482107,4096,
677522106,4096,
677562106,4096,
677602107,4096,
677642108,4096,
677682107,4096,
677722108,4096,
677762106,4096,
677802106,4096,
677842108,4096,
677882106,4096,
677922106,4096,
677962108,4096,
678002106,4096,
678042107,4096,
678082107,4096,
678122106,4096,
678162106,4096,
678202108,4096,
678242108,4096,
678282107,4096,
678322108,4096,
678362106,4096,
678402108,4096,
678442106,4096,
678482107,4096,
678522106,4096,
678562106,4096,
678602106,4096,
678642106,4096,
678682108,4096,
952778369,29974,
678722106,4096,
678802106,4096,
678842107,4096,
678882108,4096,
678922108,4096,
678962108,4096,
679042106,4096,
679082106,4096,
679122108,4096,
679162106,4096,
679202108,4096,
679242106,4096,
679282108,4096,
679322107,4096,
679362108,4096,
679402108,4096,
679442108,4096,
679482108,4096,
679522106,4096,
679562106,4096,
679602108,4096,
679642108,4096,
679682108,4096,
679722106,4096,
679762107,4096,
679802106,4096,
679842106,4096,
679882106,4096,
679922106,4096,
679962106,4096,
680002106,4096,
680042106,4096,
680082106,4096,
680122106,4096,
680162108,4096,
680202106,4096,
680242106,4096,
680282107,4096,
680322107,4096,
680362106,4096,
680402106,4096,
680442106,4096,
680482106,4096,
680522106,4096,
680562108,4096,
680602106,4096,
680642108,4096,
680682106,4096,
680722108,4096,
680762106,4096,
680802107,4096,
680842108,4096,
680882108,4096,
680922106,4096,
680962108,4096,
681002107,4096,
681042108,4096,
681082107,4096,
681122106,4096,
681162107,4096,
681202106,4096,
681242107,4096,
681282108,4096,
681362106,4096,
681402106,4096,
681442106,4096,
681482106,4096,
681522106,4096,
681562106,4096,
681602106,4096,
681682108,4096,
681722106,4096,
681762106,4096,
681802106,4096,
681842106,4096,
681882106,4096,
681922108,4096,
681962106,4096,
682002106,4096,
682042108,4096,
682082108,4096,
682122107,4096,
682162106,4096,
682202107,4096,
682242106,4096,
682282106,4096,
682322108,4096,
682402106,4096,
682442108,4096,
682482106,4096,
682522106,4096,
682562106,4096,
682602107,4096,
682642108,4096,
682682108,4096,
682722106,4096,
682762107,4096,
682802108,4096,
3455040660,-19625,
682882108,4096,
682922108,4096,
682962108,4096,
683002106,4096,
683042108,4096,
683082108,4096,
683122106,4096,
683162106,4096,
683202108,4096,
683242107,4096,
683282108,4096,
683322108,4096,
683362106,4096,
683402106,4096,
683442108,4096,
683482108,4096,
683522106,4096,
683562106,4096,
683602106,4096,
683642106,4096,
683682108,4096,
683722106,4096,
683762108,4096,
683802106,4096,
683842108,4096,
683882108,4096,
683922108,4096,
683962106,4096,
684002108,4096,
684042108,4096,
684082106,4096,
684122107,4096,
684162106,4096,
684202108,4096,
684242106,4096,
684282106,4096,
684322106,4096,
684362108,4096,
684402106,4096,
684442108,4096,
684482106,4096,
684522108,4096,
684562108,4096,
684602106,4096,
684642108,4096,
684682106,4096,
684722108,4096,
684762108,4096,
684802108,4096,
684842106,4096,
684882107,4096,
684922106,4096,
684962106,4096,
685002108,4096,
685042106,4096,
685082106,4096,
685122108,4096,
685162106,4096,
685202106,4096,
685242108,4096,
685282106,4096,
685322106,4096,
685362108,4096,
685402106,4096,
685442106,4096,
685482106,4096,
685522108,4096,
685562106,4096,
685602107,4096,
685642106,4096,
685682106,4096,
685722108,4096,
685762106,4096,
685802108,4096,
685842108,4096,
685922106,4096,
685962108,4096,
686002106,4096,
686042106,4096,
686082107,4096,
686122108,4096,
686162107,4096,
686202108,4096,
686242108,4096,
686282107,4096,
686322108,4096,
686362107,4096,
686402108,4096,
686442108,4096,
686482107,4096,
686522108,4096,
686562106,4096,
686602106,4096,
686642106,4096,
686682108,4096,
686722108,4096,
686762108,4096,
686802106,4096,
686842106,4096,
686882108,4096,
3119660063,-3687,
686962108,4096,
687002106,4096,
687042108,4096,
687082106,4096,
687122106,4096,
687162106,4096,
687202106,4096,
687242106,4096,
687282106,4096,
687322106,4096,
687362106,4096,
687402106,4096,
687442108,4096,
687482106,4096,
687522106,4096,
687562106,4096,
687602107,4096,
687642106,4096,
687682106,4096,
687722106,4096,
687762106,4096,
687802108,4096,
687842106,4096,
687882106,4096,
687922106,4096,
687962106,4096,
688002108,4096,
688042108,4096,
688082106,4096,
688122108,4096,
688162108,4096,
688202108,4096,
688242108,4096,
688282106,4096,
688322106,4096,
688362106,4096,
688402106,4096,
688442107,4096,
688482108,4096,
688522106,4096,
688562106,4096,
688602106,4096,
688642106,4096,
688682108,4096,
688722106,4096,
688762106,4096,
688802108,4096,
688842106,4096,
688882106,4096,
688922108,4096,
688962106,4096,
689002108,4096,
689042106,4096,
689082108,4096,
689122107,4096,
689162106,4096,
689202108,4096,
689242106,4096,
689282107,4096,
689322108,4096,
689362106,4096,
689402106,4096,
689442108,4096,
689482106,4096,
689522106,4096,
689562106,4096,
689602106,4096,
689642106,4096,
689682106,4096,
689722106,4096,
689762106,4096,
689802108,4096,
689842108,4096,
689882108,4096,
689922108,4096,
689962107,4096,
690002106,4096,
690042107,4096,
690082108,4096,
690122108,4096,
690162106,4096,
690202107,4096,
690242106,4096,
690282106,4096,
690322108,4096,
690362106,4096,
690402107,4096,
690442106,4096,
690482108,4096,
690522106,4096,
690562106,4096,
690602106,4096,
690642108,4096,
690682108,4096,
690722108,4096,
690762108,4096,
690802107,4096,
690842106,4096,
690882107,4096,
690922106,4096,
690962108,4096,
3206374927,28457,
691042108,4096,
691082106,4096,
691122106,4096,
691162106,4096,
691202106,4096,
691242106,4096,
691282108,4096,
691322108,4096,
691362106,4096,
691402106,4096,
691442108,4096,
691482106,4096,
691522106,4096,
691562107,4096,
691602108,4096,
691642107,4096,
691682106,4096,
691722106,4096,
691762106,4096,
691802106,4096,
691842108,4096,
691882106,4096,
691922108,4096,
691962107,4096,
692002108,4096,
692042108,4096,
692082108,4096,
692122106,4096,
692162106,4096,
692202108,4096,
692242106,4096,
692282106,4096,
692322106,4096,
692402108,4096,
692442108,4096,
692482108,4096,
692522108,4096,
692562108,4096,
692602108,4096,
692642108,4096,
692682106,4096,
692722108,4096,
692762108,4096,
692802107,4096,
692842108,4096,
692882108,4096,
692922106,4096,
692962106,4096,
693002107,4096,
693042107,4096,
693082106,4096,
693122106,4096,
693162106,4096,
693202107,4096,
693242106,4096,
693282106,4096,
693322106,4096,
693362106,4096,
693402106,4096,
693442106,4096,
693482106,4096,
693522108,4096,
693562108,4096,
693602108,4096,
693642108,4096,
693682106,4096,
693722107,4096,
693762108,4096,
693802106,4096,
693842108,4096,
693882108,4096,
693922108,4096,
693962106,4096,
694002106,4096,
694042106,4096,
694082108,4096,
694122106,4096,
694162108,4096,
694202106,4096,
694242108,4096,
694282106,4096,
694322108,4096,
694362106,4096,
694402106,4096,
694482107,4096,
694522106,4096,
694562106,4096,
694602106,4096,
694642107,4096,
694682108,4096,
694722107,4096,
694762106,4096,
694842107,4096,
694882106,4096,
694922107,4096,
694962106,4096,
695002108,4096,
695042108,4096,
4096998920,28188,
695122108,4096,
695162108,4096,
695202108,4096,
695242108,4096,
695282108,4096,
695322106,4096,
695362108,4096,
695402106,4096,
695442108,4096,
695482106,4096,
695522106,4096,
695562106,4096,
695602106,4096,
695642108,4096,
695682106,4096,
695722108,4096,
695762106,4096,
695802106,4096,
695842106,4096,
695882108,4096,
695922106,4096,
695962106,4096,
696002108,4096,
696042108,4096,
696082108,4096,
696122106,4096,
696162106,4096,
696202108,4096,
696242106,4096,
696282108,4096,
696322107,4096,
696362106,4096,
696402108,4096,
696442107,4096,
696482107,4096,
696522106,4096,
696562106,4096,
696602106,4096,
696642106,4096,
696682106,4096,
696722108,4096,
696762106,4096,
696802106,4096,
696842108,4096,
696882106,4096,
696922106,4096,
697002106,4096,
697042108,4096,
697082106,4096,
697122108,4096,
697162106,4096,
697202106,4096,
697242108,4096,
697282106,4096,
697322106,4096,
697362106,4096,
697442106,4096,
697482106,4096,
697522108,4096,
697562108,4096,
697602106,4096,
697642106,4096,
697682106,4096,
697722106,4096,
697762108,4096,
697802106,4096,
697842106,4096,
697882107,4096,
697922108,4096,
697962108,4096,
698002106,4096,
698042106,4096,
698082106,4096,
698122108,4096,
698202108,4096,
698242106,4096,
698282108,4096,
698322106,4096,
698362108,4096,
698402106,4096,
698442108,4096,
698482107,4096,
698522106,4096,
698562108,4096,
698602108,4096,
698642106,4096,
698682108,4096,
698722106,4096,
698762106,4096,
698802106,4096,
698842106,4096,
698882108,4096,
698922108,4096,
698962108,4096,
699002106,4096,
699042106,4096,
699082106,4096,
4174298559,-21411,
699202107,4096,
699242107,4096,
699282107,4096,
699322108,4096,
699362108,4096,
699402108,4096,
699442106,4096,
699482108,4096,
699522107,4096,
699562106,4096,
699602107,4096,
699642108,4096,
699682106,4096,
699722108,4096,
699762108,4096,
699802106,4096,
699842106,4096,
699882106,4096,
699922106,4096,
699962107,4096,
700002108,4096,
700042106,4096,
700082108,4096,
700122108,4096,
700162108,4096,
700202106,4096,
700242106,4096,
700282106,4096,
700322108,4096,
700362106,4096,
700402106,4096,
700442108,4096,
700482108,4096,
700522108,4096,
700562106,4096,
700602108,4096,
700642108,4096,
700682107,4096,
700722106,4096,
700762108,4096,
700802107,4096,
700842107,4096,
700882106,4096,
700922107,4096,
700962108,4096,
701002106,4096,
701042107,4096,
701082106,4096,
701122106,4096,
701162108,4096,
701202107,4096,
701242106,4096,
701282108,4096,
701322108,4096,
701362106,4096,
701402108,4096,
701442107,4096,
701482106,4096,
701522107,4096,
701562108,4096,
701602108,4096,
701642106,4096,
701682106,4096,
701722106,4096,
701762108,4096,
701802108,4096,
701842108,4096,
701882106,4096,
701922108,4096,
701962108,4096,
702002106,4096,
702042106,4096,
702082108,4096,
702122108,4096,
702162107,4096,
702202106,4096,
702242107,4096,
702282108,4096,
702322106,4096,
702362106,4096,
702402106,4096,
702442108,4096,
702482106,4096,
702522108,4096,
702562108,4096,
702602107,4096,
702642106,4096,
702682106,4096,
702722106,4096,
702762106,4096,
702802106,4096,
702882108,4096,
702922107,4096,
702962107,4096,
703002106,4096,
703042106,4096,
703082106,4096,
703122106,4096,
703162106,4096,
703202108,4096,
972635753,-5473,
703322106,4096,
703362106,4096,
703402108,4096,
703442106,4096,
703482106,4096,
703522108,4096,
703562108,4096,
703602108,4096,
703642107,4096,
703682106,4096,
703722108,4096,
703762108,4096,
703802108,4096,
703842106,4096,
703882106,4096,
703922108,4096,
703962108,4096,
704002106,4096,
704042106,4096,
704082106,4096,
704122106,4096,
704162106,4096,
704202108,4096,
704242108,4096,
704282106,4096,
704322108,4096,
704362108,4096,
704442108,4096,
704482106,4096,
704522108,4096,
704562108,4096,
704602108,4096,
704642106,4096,
704722106,4096,
704762106,4096,
704802107,4096,
704842106,4096,
704882106,4096,
704922107,4096,
704962108,4096,
705002108,4096,
705042106,4096,
705082106,4096,
705122108,4096,
705162106,4096,
705202108,4096,
705242106,4096,
705282108,4096,
705322106,4096,
705362106,4096,
705402106,4096,
705442108,4096,
705482106,4096,
705522108,4096,
705562106,4096,
705602108,4096,
705642108,4096,
705682108,4096,
705722107,4096,
705762107,4096,
705802107,4096,
705842108,4096,
705882107,4096,
705922108,4096,
705962106,4096,
706002106,4096,
706042107,4096,
706082108,4096,
706122106,4096,
706162106,4096,
706202108,4096,
706242108,4096,
706282106,4096,
706322108,4096,
706362106,4096,
706402106,4096,
706442108,4096,
706482107,4096,
706522106,4096,
706562106,4096,
706602107,4096,
706642108,4096,
706682108,4096,
706722106,4096,
706762107,4096,
706802107,4096,
706842106,4096,
706882108,4096,
706922108,4096,
706962106,4096,
707002108,4096,
707082108,4096,
707122106,4096,
707162106,4096,
707202106,4096,
707242108,4096,
707282106,4096,
2435268062,10464,
707362108,4096,
707402106,4096,
707442107,4096,
707482106,4096,
707522107,4096,
707562108,4096,
707602108,4096,
707642108,4096,
707682108,4096,
707722108,4096,
707762108,4096,
707802106,4096,
707842106,4096,
707882106,4096,
707922106,4096,
707962108,4096,
708002108,4096,
708042107,4096,
708082108,4096,
708122107,4096,
708162106,4096,
708202108,4096,
708242106,4096,
708282108,4096,
708322106,4096,
708362107,4096,
708402108,4096,
708442108,4096,
708482107,4096,
708522108,4096,
708562108,4096,
708602107,4096,
708642106,4096,
708682108,4096,
708722106,4096,
708762106,4096,
708802106,4096,
708842108,4096,
708882107,4096,
708922106,4096,
708962106,4096,
709002107,4096,
709042108,4096,
709082106,4096,
709122106,4096,
709162108,4096,
709202108,4096,
709242108,4096,
709282106,4096,
709322106,4096,
709362108,4096,
709442106,4096,
709522106,4096,
709602108,4096,
709642108,4096,
709682108,4096,
709722108,4096,
709762106,4096,
709802106,4096,
709842108,4096,
709882106,4096,
709922108,4096,
709962108,4096,
710002106,4096,
710042108,4096,
710082106,4096,
710122108,4096,
710162106,4096,
710202106,4096,
710242108,4096,
710282106,4096,
710322108,4096,
710362108,4096,
710402106,4096,
710442108,4096,
710482106,4096,
710522106,4096,
710562108,4096,
710602106,4096,
710642106,4096,
710722107,4096,
710762106,4096,
710802106,4096,
710842108,4096,
710882108,4096,
710922106,4096,
710962107,4096,
711002106,4096,
711042108,4096,
711082108,4096,
711122108,4096,
711162108,4096,
711202108,4096,
711242106,4096,
711282108,4096,
711322108,4096,
1307196677,26402,
711362108,4096,
711442106,4096,
711482106,4096,
711522108,4096,
711562108,4096,
711602108,4096,
711642106,4096,
711682106,4096,
711722106,4096,
711762108,4096,
711802106,4096,
711842107,4096,
711882108,4096,
711922106,4096,
711962106,4096,
712002108,4096,
712042108,4096,
712082107,4096,
712122106,4096,
712162106,4096,
712202108,4096,
712242108,4096,
712282106,4096,
712322108,4096,
712362107,4096,
712402106,4096,
712442107,4096,
712482108,4096,
712522106,4096,
712562106,4096,
712602106,4096,
712642107,4096,
712682108,4096,
712722108,4096,
712762108,4096,
712802107,4096,
712842106,4096,
712882106,4096,
712922106,4096,
712962108,4096,
713002106,4096,
713042107,4096,
713082108,4096,
713122108,4096,
713162108,4096,
713202106,4096,
713242106,4096,
713282108,4096,
713322108,4096,
713362107,4096,
713402106,4096,
713442108,4096,
713482108,4096,
713522106,4096,
713562106,4096,
713642107,4096,
713682106,4096,
713722106,4096,
713762108,4096,
713802108,4096,
713842108,4096,
713882107,4096,
713922106,4096,
713962108,4096,
714002106,4096,
714042107,4096,
714082108,4096,
714162106,4096,
714202106,4096,
714242108,4096,
714282108,4096,
714322108,4096,
714362108,4096,
714402106,4096,
714442108,4096,
714482107,4096,
714522106,4096,
714562107,4096,
714602108,4096,
714642106,4096,
714682106,4096,
714722106,4096,
714762107,4096,
714802106,4096,
714842106,4096,
714882108,4096,
714922107,4096,
714962108,4096,
715002108,4096,
715042108,4096,
715082106,4096,
715122106,4096,
715162106,4096,
715202108,4096,
715242107,4096,
715282106,4096,
715322106,4096,
715362106,4096,
715442108,4096,
366689540,-23197,
715522108,4096,
715562106,4096,
715602108,4096,
715642106,4096,
715682106,4096,
715722106,4096,
715762108,4096,
715802108,4096,
715842106,4096,
715882108,4096,
715922106,4096,
715962106,4096,
716002106,4096,
716042106,4096,
716082106,4096,
716122106,4096,
716162106,4096,
716202108,4096,
716242106,4096,
716282108,4096,
716322108,4096,
716362108,4096,
716402106,4096,
716442108,4096,
716482108,4096,
716522107,4096,
716562106,4096,
716602108,4096,
716642107,4096,
716682107,4096,
716722108,4096,
716762106,4096,
716802106,4096,
716842106,4096,
716882106,4096,
716922108,4096,
716962106,4096,
717002108,4096,
717042108,4096,
717082107,4096,
717122106,4096,
717162106,4096,
717202106,4096,
717242108,4096,
717282107,4096,
717322106,4096,
717362106,4096,
717402108,4096,
717442106,4096,
717482108,4096,
717522108,4096,
717562108,4096,
717602106,4096,
717642106,4096,
717682108,4096,
717722108,4096,
717762107,4096,
717802108,4096,
717842108,4096,
717882108,4096,
717922106,4096,
717962106,4096,
718002108,4096,
718042107,4096,
718082106,4096,
718122108,4096,
718162108,4096,
718202106,4096,
718242106,4096,
718282108,4096,
718322106,4096,
718362108,4096,
718402108,4096,
718442106,4096,
718482106,4096,
718522107,4096,
718562108,4096,
718602108,4096,
718642108,4096,
718682108,4096,
718722108,4096,
718762106,4096,
718802108,4096,
718842106,4096,
718882108,4096,
718922108,4096,
718962106,4096,
719002108,4096,
719042108,4096,
719082108,4096,
719122107,4096,
719162108,4096,
719202106,4096,
719242108,4096,
719282106,4096,
719322106,4096,
719362106,4096,
719402108,4096,
719442106,4096,
719482106,4096,
3206144183,28202,
719522108,4096,
719602108,4096,
719642106,4096,
719682106,4096,
719722106,4096,
719762108,4096,
719802106,4096,
719842107,4096,
719882108,4096,
719922108,4096,
719962108,4096,
720002106,4096,
720042106,4096,
720082106,4096,
720122108,4096,
720162106,4096,
720202106,4096,
720242108,4096,
720322108,4096,
720362106,4096,
720402106,4096,
720442107,4096,
720482106,4096,
720522106,4096,
720562106,4096,
720602108,4096,
720642107,4096,
720682108,4096,
720722108,4096,
720762107,4096,
720802108,4096,
720842108,4096,
720882106,4096,
720922107,4096,
720962108,4096,
721002106,4096,
721042106,4096,
721082106,4096,
721122108,4096,
721162108,4096,
721202108,4096,
721242107,4096,
721282108,4096,
721322108,4096,
721362106,4096,
721402106,4096,
721442108,4096,
721482108,4096,
721522106,4096,
721562108,4096,
721602107,4096,
721642108,4096,
721682108,4096,
721722106,4096,
721762107,4096,
721802107,4096,
721842107,4096,
721882106,4096,
721922108,4096,
721962108,4096,
722002108,4096,
722042108,4096,
722082107,4096,
722122108,4096,
722162108,4096,
722202108,4096,
722242106,4096,
722282106,4096,
722322106,4096,
722362107,4096,
722402108,4096,
722442108,4096,
722482108,4096,
722522107,4096,
722562108,4096,
722602106,4096,
722642108,4096,
722682108,4096,
722722106,4096,
722762107,4096,
722842108,4096,
722882106,4096,
722922106,4096,
722962106,4096,
723002106,4096,
723042106,4096,
723082107,4096,
723122106,4096,
723162107,4096,
723202108,4096,
723242107,4096,
723282108,4096,
723322108,4096,
723362107,4096,
723402107,4096,
723442108,4096,
723482106,4096,
723522108,4096,
723562106,4096,
723602108,4096,
2982624514,8678,
723682106,4096,
723722108,4096,
723762108,4096,
723802108,4096,
723842106,4096,
723882106,4096,
723922108,4096,
723962108,4096,
724002106,4096,
724042108,4096,
724082108,4096,
724122106,4096,
724162108,4096,
724202108,4096,
724242106,4096,
724282108,4096,
724322108,4096,
724362106,4096,
724402106,4096,
724442106,4096,
724482108,4096,
724522106,4096,
724562108,4096,
724602106,4096,
724642106,4096,
724682108,4096,
724722108,4096,
724762108,4096,
724802108,4096,
724842108,4096,
724882108,4096,
724922106,4096,
724962108,4096,
725002108,4096,
725042106,4096,
725082108,4096,
725122107,4096,
725162106,4096,
725202108,4096,
725242106,4096,
725282106,4096,
725322106,4096,
725362106,4096,
725402106,4096,
725442107,4096,
725482108,4096,
725522106,4096,
725562106,4096,
725602106,4096,
725642106,4096,
725682106,4096,
725722108,4096,
725762106,4096,
725802106,4096,
725842108,4096,
725882108,4096,
725922106,4096,
725962106,4096,
726002106,4096,
726042108,4096,
726082108,4096,
726122106,4096,
726162106,4096,
726202106,4096,
726242108,4096,
726282106,4096,
726322106,4096,
726362107,4096,
726402106,4096,
726442108,4096,
726482108,4096,
726522106,4096,
726562108,4096,
726602108,4096,
726642106,4096,
726682108,4096,
726722108,4096,
726762106,4096,
726802106,4096,
726842108,4096,
726882106,4096,
726922108,4096,
726962106,4096,
727002108,4096,
727042106,4096,
727082108,4096,
727122106,4096,
727162106,4096,
727202108,4096,
727242108,4096,
727282108,4096,
727322106,4096,
727362106,4096,
727402106,4096,
727442106,4096,
727482108,4096,
727522106,4096,
727562108,4096,
727602106,4096,
727642108,4096,
727682106,4096,
3206116546,5419,
727762106,4096,
727802106,4096,
727842108,4096,
727882108,4096,
727922106,4096,
727962106,4096,
728002106,4096,
728042107,4096,
728082108,4096,
728122107,4096,
728162107,4096,
728202108,4096,
728242108,4096,
728282108,4096,
728322108,4096,
728362106,4096,
728402108,4096,
728442106,4096,
728482106,4096,
728522106,4096,
728562106,4096,
728602108,4096,
728642106,4096,
728682107,4096,
728722106,4096,
728762106,4096,
728802108,4096,
728842108,4096,
728882108,4096,
728922108,4096,
728962106,4096,
729002106,4096,
729042108,4096,
729082108,4096,
729122106,4096,
729162106,4096,
729202106,4096,
729242106,4096,
729282106,4096,
729322106,4096,
729362108,4096,
729402108,4096,
729442106,4096,
729482107,4096,
729522106,4096,
729562107,4096,
729602106,4096,
729642106,4096,
729682106,4096,
729722108,4096,
729762108,4096,
729802108,4096,
729842108,4096,
729882107,4096,
729922108,4096,
729962107,4096,
730002108,4096,
730042108,4096,
730082108,4096,
730122106,4096,
730162106,4096,
730202106,4096,
730242108,4096,
730282108,4096,
730322106,4096,
730362106,4096,
730402108,4096,
730442106,4096,
730482108,4096,
730522106,4096,
730562106,4096,
730602108,4096,
730642108,4096,
730682108,4096,
730722108,4096,
730762106,4096,
730802108,4096,
730842106,4096,
730882106,4096,
730922106,4096,
730962106,4096,
731002106,4096,
731042106,4096,
731082108,4096,
731122106,4096,
731162108,4096,
731202108,4096,
731242108,4096,
731282106,4096,
731322106,4096,
731362108,4096,
731402106,4096,
731442106,4096,
731482106,4096,
731522107,4096,
731562106,4096,
731602108,4096,
731642106,4096,
731682107,4096,
731722108,4096,
1404255486,-24983,
731762108,4096,
731842108,4096,
731882106,4096,
731922106,4096,
731962107,4096,
732002108,4096,
732042108,4096,
732082108,4096,
732122107,4096,
732162106,4096,
732202108,4096,
732242107,4096,
732282108,4096,
732322108,4096,
732362108,4096,
732402106,4096,
732442108,4096,
732482108,4096,
732522108,4096,
732562108,4096,
732602108,4096,
732642108,4096,
732682106,4096,
732722106,4096,
732762107,4096,
732802108,4096,
732842107,4096,
732882108,4096,
732922108,4096,
732962106,4096,
733002106,4096,
733042108,4096,
733082108,4096,
733122108,4096,
733162108,4096,
733202107,4096,
733242107,4096,
733282107,4096,
733322107,4096,
733362106,4096,
733402108,4096,
733442108,4096,
733482106,4096,
733522106,4096,
733562108,4096,
733602108,4096,
733642106,4096,
733682108,4096,
733722108,4096,
733762106,4096,
733802106,4096,
733842108,4096,
733882106,4096,
733922106,4096,
733962106,4096,
734002108,4096,
734042106,4096,
734082108,4096,
734122106,4096,
734162106,4096,
734202106,4096,
734242106,4096,
734282106,4096,
734322108,4096,
734362106,4096,
734402106,4096,
734442108,4096,
734482108,4096,
734522108,4096,
734562107,4096,
734602106,4096,
734642108,4096,
734682108,4096,
734722108,4096,
734762106,4096,
734802106,4096,
734842108,4096,
734962106,4096,
735002107,4096,
735042106,4096,
735082106,4096,
735122107,4096,
735162108,4096,
735202108,4096,
735242108,4096,
735282108,4096,
735322106,4096,
735362108,4096,
735402106,4096,
735442108,4096,
735482108,4096,
735522108,4096,
735562108,4096,
735602106,4096,
735682106,4096,
735722106,4096,
735762106,4096,
735802108,4096,
735842107,4096,
2174434570,-9045,
735922108,4096,
735962107,4096,
736002108,4096,
736042106,4096,
736082108,4096,
736122108,4096,
736162106,4096,
736202107,4096,
736282106,4096,
736322106,4096,
736362108,4096,
736402106,4096,
736442108,4096,
736482106,4096,
736522108,4096,
736562108,4096,
736602108,4096,
736642108,4096,
736682108,4096,
736722108,4096,
736762108,4096,
736802106,4096,
736842106,4096,
736882106,4096,
736922106,4096,
736962108,4096,
737002106,4096,
737042108,4096,
737082108,4096,
737122108,4096,
737162106,4096,
737202106,4096,
737242108,4096,
737282108,4096,
737322106,4096,
737362106,4096,
737402108,4096,
737442108,4096,
737482107,4096,
737522108,4096,
737562106,4096,
737602107,4096,
737642106,4096,
737682107,4096,
737722108,4096,
737762108,4096,
737802108,4096,
737842107,4096,
737882108,4096,
737922107,4096,
737962108,4096,
738002108,4096,
738042106,4096,
738082107,4096,
738122107,4096,
738162107,4096,
738202106,4096,
738242106,4096,
738282108,4096,
738322108,4096,
738362108,4096,
738402106,4096,
738442108,4096,
738482108,4096,
738522106,4096,
738562107,4096,
738602106,4096,
738642108,4096,
738682106,4096,
738722106,4096,
738762108,4096,
738802106,4096,
738842107,4096,
738882108,4096,
738922108,4096,
738962106,4096,
739002108,4096,
739042106,4096,
739082106,4096,
739122106,4096,
739162108,4096,
739202108,4096,
739242106,4096,
739282107,4096,
739322107,4096,
739362108,4096,
739402108,4096,
739442108,4096,
739482108,4096,
739522107,4096,
739562108,4096,
739602108,4096,
739642108,4096,
739682108,4096,
