[189 59 250 13],[13 157 106],
[189 59 250 13],[13 157 106],
[189 59 250 13],[13 157 106],
[189 59 250 13],[13 157 106],
[189 59 250 13],[13 157 106],
[189 59 250 13],[13 157 106],
[189 59 250 13],[13 157 106],
[189 59 250 13],[13 157 106],
[189 59 250 13],[13 157 106],
[189 59 250 13],[13 157 106],
[189 59 250 13],[13 157 106],
[189 59 250 13],[13 157 106],
[189 59 250 13],[13 157 106],
[189 59 250 13],[13 157 106],
[189 59 250 13],[13 157 106],
[189 59 250 13],[13 157 106],
[189 59 250 13],[13 157 106],
[189 59 250 13],[13 157 106],
