486043897,0.9541026,0.085211314,-0.28426063,-0.04028883,
486003897,0.954106,0.08520999,-0.2842504,-0.040285036,
486049051,0.9541012,0.08521289,-0.28426436,-0.040290948,
486203897,0.9540753,0.08524575,-0.28434277,-0.040283307,
486209051,0.95407444,0.085245416,-0.28434634,-0.04027986,
486214051,0.95407313,0.08524419,-0.28435066,-0.040281754,
486220052,0.95407355,0.08524283,-0.28435004,-0.040279962,
485963897,0.95411015,0.0851937,-0.28424028,-0.040291872,
485969051,0.9541111,0.08519356,-0.2842373,-0.04029009,
485974051,0.95411086,0.085197605,-0.28423703,-0.04028894,
486163897,0.9540805,0.085236125,-0.28432786,-0.040285017,
486169051,0.95408005,0.08523627,-0.28433004,-0.04028076,
486174051,0.9540798,0.08524022,-0.28432912,-0.04028515,
486225052,0.9540724,0.08524431,-0.28435302,-0.040282615,
486180052,0.95407903,0.08523971,-0.28433165,-0.04028613,
486185052,0.9540785,0.0852458,-0.28433177,-0.04028438,
486243897,0.9540699,0.0852435,-0.28436115,-0.040284906,
486230052,0.9540721,0.08524301,-0.28435463,-0.04028098,
486235052,0.9540713,0.08524559,-0.28435642,-0.040283207,
486240052,0.95407194,0.08524284,-0.28435516,-0.040281784,
486009051,0.9541075,0.08520859,-0.28424594,-0.040282402,
486190052,0.95407796,0.08524191,-0.28433514,-0.040283103,
486195052,0.9540763,0.085244715,-0.28433993,-0.040282693,
486200052,0.9540768,0.08524243,-0.2843389,-0.04028115,
486323897,0.9540601,0.085255235,-0.28439012,-0.04029099,
486054051,0.9541009,0.08521851,-0.28426358,-0.040292617,
486123897,0.95408756,0.0852293,-0.28430626,-0.040286455,
486060052,0.95410067,0.085219845,-0.28426394,-0.04029399,
486129051,0.9540866,0.085230924,-0.28430915,-0.040284593,
486065052,0.9540998,0.085222274,-0.28426617,-0.04029406,
486014051,0.95410675,0.08521388,-0.28424677,-0.04028374,
486070052,0.9540989,0.085220285,-0.2842703,-0.040290035,
486020052,0.95410645,0.08521708,-0.28424674,-0.040282294,
486083897,0.9540936,0.08522429,-0.28428558,-0.0402997,
486025052,0.95410514,0.085220784,-0.28424978,-0.04028651,
486089051,0.9540932,0.08522714,-0.28428647,-0.0402962,
486249051,0.95406926,0.0852442,-0.28436324,-0.04028493,
486094051,0.9540914,0.08522943,-0.28429142,-0.040296525,
486254051,0.95406854,0.0852488,-0.28436363,-0.040289786,
485980052,0.954111,0.08519596,-0.28423694,-0.040289503,
486100053,0.95409214,0.08522519,-0.28429073,-0.04029504,
485985052,0.95410866,0.08520531,-0.28424203,-0.04028938,
486105052,0.95409137,0.085228145,-0.28429243,-0.04029603,
485990052,0.95410836,0.08520403,-0.28424403,-0.0402861,
486110052,0.95409113,0.085226245,-0.28429425,-0.04029236,
485995052,0.9541066,0.08520745,-0.28424856,-0.04028773,
486115052,0.95408875,0.085229814,-0.2843018,-0.040288594,
486329051,0.95405954,0.085254565,-0.28439265,-0.040286448,
486283897,0.954066,0.08525145,-0.28437194,-0.040285084,
486289051,0.95406544,0.085249424,-0.28437498,-0.040280987,
486294051,0.9540649,0.08525077,-0.2843758,-0.040285733,
486300053,0.954065,0.08524664,-0.2843765,-0.040285435,
486305052,0.95406204,0.085249886,-0.28438535,-0.040288005,
486260052,0.9540694,0.08524859,-0.28436103,-0.040288616,
486310052,0.9540619,0.08524917,-0.284386,-0.04028668,
486265052,0.95406836,0.085254654,-0.28436267,-0.040287554,
486334051,0.9540574,0.08526081,-0.28439775,-0.040288378,
486340052,0.95405835,0.08525736,-0.28439558,-0.0402871,
486345052,0.95405656,0.08526275,-0.28440017,-0.04028702,
486350052,0.9540578,0.085260935,-0.2843973,-0.0402813,
486134051,0.95408565,0.08523366,-0.2843113,-0.040285677,
486140052,0.9540853,0.08523352,-0.28431326,-0.040282052,
486030052,0.95410645,0.08521127,-0.28424826,-0.040286552,
486035052,0.9541041,0.08521745,-0.28425345,-0.040290736,
486040052,0.9541035,0.08521438,-0.28425685,-0.0402881,
486315052,0.9540604,0.08525433,-0.2843896,-0.04028827,
486075052,0.9540964,0.0852264,-0.28427657,-0.040291533,
486080052,0.9540959,0.08522428,-0.2842782,-0.04029628,
486145052,0.95408374,0.085237525,-0.2843169,-0.040283993,
486000052,0.95410645,0.08520637,-0.28424975,-0.040285993,
486320052,0.9540603,0.08525362,-0.28439057,-0.040285304,
486120052,0.954088,0.08522999,-0.2843048,-0.04028606,
486355052,0.9540574,0.08526355,-0.28439757,-0.040282838,
486360053,0.9540575,0.08526178,-0.2843986,-0.04027795,
486270052,0.9540677,0.085252196,-0.28436586,-0.040286947,
486275052,0.95406705,0.08525656,-0.28436664,-0.04028688,
486150052,0.95408374,0.08523334,-0.2843184,-0.040282663,
486155052,0.95408183,0.08524002,-0.28432256,-0.040284395,
486160052,0.9540818,0.085235,-0.284324,-0.04028442,
486280052,0.95406675,0.08525212,-0.2843697,-0.040282965,
486363897,0.954056,0.08526404,-0.28440312,-0.0402749,
486369051,0.95405525,0.08526491,-0.2844062,-0.040270496,
486374051,0.95405406,0.08527022,-0.28440815,-0.040271904,
486380052,0.95405525,0.08526367,-0.28440672,-0.04026939,
486385052,0.9540534,0.08527455,-0.28440937,-0.04027029,
486390052,0.95405257,0.08527173,-0.2844138,-0.040265985,
486395052,0.9540517,0.085275136,-0.28441536,-0.040268496,
486400052,0.95405054,0.085272476,-0.28441948,-0.040271357,
486403897,0.95404935,0.08527367,-0.28442323,-0.04026969,
486409051,0.9540488,0.085271955,-0.28442612,-0.04026661,
486414051,0.95404756,0.08527924,-0.28442848,-0.04026467,
486420052,0.9540469,0.08527715,-0.2844312,-0.040264472,
486425052,0.95404685,0.08528389,-0.28442958,-0.040264074,
486430052,0.95404714,0.0852802,-0.28443015,-0.040260285,
486435052,0.9540462,0.085282944,-0.28443232,-0.040261365,
486440052,0.9540467,0.085280135,-0.28443146,-0.040260553,
486443897,0.95404506,0.08528311,-0.28443655,-0.04025901,
486449051,0.95404536,0.08527949,-0.2844364,-0.04026128,
486454051,0.954044,0.0852852,-0.28443867,-0.04026482,
486460052,0.95404446,0.08528391,-0.28443795,-0.04026077,
486465052,0.95404315,0.085291445,-0.2844399,-0.040263746,
486470053,0.95404327,0.08528634,-0.28444135,-0.040261015,
486475052,0.9540413,0.08529014,-0.28444585,-0.040266417,
486480052,0.95404124,0.08529243,-0.2844458,-0.040263563,
486483897,0.9540412,0.0852932,-0.28444594,-0.0402623,
486489051,0.9540416,0.08529018,-0.28444552,-0.04026159,
486494051,0.9540404,0.085295275,-0.284448,-0.0402631,
486500052,0.95403975,0.085292034,-0.28445068,-0.040263247,
486505052,0.9540385,0.08529678,-0.28445333,-0.040266003,
486510052,0.954038,0.08529422,-0.28445584,-0.040265933,
486515052,0.95403653,0.08529912,-0.2844594,-0.040264253,
486520052,0.9540365,0.085298784,-0.28446025,-0.04026004,
486523897,0.9540371,0.085297644,-0.28445885,-0.0402598,
486529051,0.95403636,0.08529834,-0.28446162,-0.040256534,
486534051,0.9540349,0.08530435,-0.2844638,-0.040261094,
486540053,0.95403373,0.08530503,-0.28446817,-0.040258516,
486545052,0.9540313,0.08531084,-0.28447384,-0.040262293,
486550052,0.9540303,0.085310444,-0.28447783,-0.04025945,
486555052,0.9540289,0.085314125,-0.2844808,-0.040263668,
486560052,0.95402867,0.085312895,-0.2844824,-0.040259782,
486563897,0.95402825,0.08531184,-0.284484,-0.040261418,
486569051,0.9540288,0.085310385,-0.284483,-0.040258512,
486574051,0.95402855,0.085315384,-0.284482,-0.040259793,
486580052,0.95402986,0.08530973,-0.28447953,-0.0402586,
486585052,0.95402956,0.085312575,-0.28447974,-0.0402584,
486590052,0.95402914,0.085310765,-0.28448227,-0.040254198,
486595052,0.9540277,0.08531115,-0.2844868,-0.040255625,
486600052,0.9540278,0.08531215,-0.28448647,-0.04025426,
486603897,0.9540278,0.085312456,-0.284486,-0.040254764,
486609051,0.9540284,0.08531402,-0.28448424,-0.040250342,
486614051,0.95402646,0.08532333,-0.28448752,-0.040253434,
486620052,0.9540263,0.08532291,-0.28448808,-0.04025312,
486625052,0.95402557,0.08532587,-0.28448978,-0.04025411,
486630052,0.9540255,0.085325,-0.2844905,-0.040252276,
486635052,0.9540238,0.08532812,-0.28449512,-0.04025288,
486640052,0.95402354,0.085326284,-0.28449625,-0.040255275,
486643897,0.9540224,0.08532679,-0.2844996,-0.04025713,
486649051,0.95402193,0.085328445,-0.28450125,-0.04025294,
486654051,0.95402044,0.08533575,-0.2845037,-0.040256016,
486660052,0.95401955,0.08533638,-0.28450653,-0.040255006,
486665052,0.9540179,0.08534213,-0.28450996,-0.040258627,
486670052,0.95401853,0.085338704,-0.2845089,-0.040257428,
486675052,0.9540178,0.08533955,-0.28451127,-0.04025632,
486680052,0.9540186,0.085337415,-0.28451008,-0.040250268,
486683897,0.95401824,0.08533922,-0.28451103,-0.040249877,
486689051,0.9540183,0.0853369,-0.2845115,-0.040249016,
486694051,0.9540177,0.08534142,-0.28451154,-0.040252753,
486700053,0.9540182,0.085342236,-0.2845101,-0.040250804,
486705052,0.95401645,0.0853477,-0.28451428,-0.04025012,
486710052,0.9540167,0.08534296,-0.2845148,-0.040249433,
486715052,0.9540156,0.085347295,-0.28451714,-0.04025005,
486720053,0.9540156,0.085341826,-0.2845191,-0.040246908,
486723897,0.9540165,0.08534133,-0.2845166,-0.04024472,
486729051,0.9540165,0.08533578,-0.2845183,-0.04024549,
486734051,0.95401424,0.0853385,-0.28452468,-0.040248025,
486740052,0.95401454,0.08533805,-0.2845238,-0.040249284,
486745052,0.9540144,0.08534079,-0.28452322,-0.040249605,
486750052,0.95401406,0.085338816,-0.28452542,-0.040246546,
486755052,0.95401186,0.08534305,-0.28453162,-0.040247496,
486760052,0.95401263,0.08534051,-0.28452986,-0.040245976,
486763897,0.9540107,0.08534371,-0.2845349,-0.0402477,
486769051,0.95401067,0.08534367,-0.28453532,-0.040246148,
486774051,0.95400965,0.08534763,-0.28453708,-0.0402513,
486780052,0.95400995,0.08534439,-0.28453678,-0.040252335,
486785052,0.95400834,0.0853524,-0.28454003,-0.040250245,
486790052,0.954008,0.08535171,-0.2845415,-0.040250644,
486795052,0.9540077,0.085357025,-0.28454039,-0.040252943,
486800052,0.9540089,0.08535432,-0.28453755,-0.040250838,
486803897,0.9540076,0.08535612,-0.28454086,-0.040252857,
486809051,0.95400774,0.08535447,-0.2845411,-0.040251777,
486814051,0.95400685,0.08535888,-0.28454268,-0.040253438,
486820052,0.9540069,0.085356556,-0.2845431,-0.040252574,
486825052,0.95400643,0.0853598,-0.2845439,-0.040252853,
486830052,0.95400614,0.08535714,-0.2845457,-0.040253315,
486835052,0.954004,0.08536661,-0.28454956,-0.04025362,
486840052,0.95400363,0.08536639,-0.28455126,-0.040253904,
486843897,0.9540022,0.08536865,-0.2845551,-0.04025415,
486849051,0.9540025,0.085371196,-0.28455314,-0.04025553,
486854051,0.9540012,0.08537706,-0.2845557,-0.04025794,
486860053,0.9540015,0.08537314,-0.28455564,-0.040259197,
486865052,0.95400006,0.08537902,-0.28455856,-0.040259957,
486870052,0.95400006,0.0853762,-0.28455994,-0.040256534,
486875052,0.95399827,0.08538143,-0.28456423,-0.04025759,
486880052,0.95399815,0.085379064,-0.28456548,-0.040255696,
486883897,0.95399815,0.08537939,-0.28456572,-0.04025291,
486889051,0.95399797,0.085380115,-0.2845666,-0.040250607,
486894051,0.9539969,0.08538526,-0.28456795,-0.0402548,
486900053,0.9539959,0.08538388,-0.28457192,-0.040252816,
486905052,0.9539951,0.085388355,-0.2845734,-0.040252227,
486910052,0.9539945,0.08539228,-0.284575,-0.040247336,
486915052,0.95399255,0.08539332,-0.28458086,-0.040249225,
486920052,0.953992,0.08539091,-0.28458333,-0.04024966,
486923897,0.9539921,0.08539205,-0.28458259,-0.04025045,
486929051,0.9539915,0.08538666,-0.28458717,-0.04024582,
486934051,0.9539893,0.0853941,-0.2845918,-0.040246796,
486940052,0.95398873,0.08539155,-0.28459466,-0.04024508,
486945052,0.953988,0.085392565,-0.284597,-0.040244482,
486950052,0.9539884,0.08539353,-0.28459588,-0.040241394,
486955052,0.95398694,0.08539724,-0.2845996,-0.040242318,
486960052,0.95398796,0.08539227,-0.28459722,-0.040244266,
486963897,0.9539867,0.08539174,-0.2846017,-0.04024429,
486969051,0.9539864,0.085393436,-0.2846022,-0.040242776,
486974051,0.9539857,0.08539759,-0.2846031,-0.040244453,
486980052,0.95398575,0.085396044,-0.28460336,-0.040246136,
486985052,0.95398426,0.0854014,-0.28460684,-0.04024598,
486990052,0.9539838,0.08540356,-0.28460762,-0.040244345,
486995052,0.95398283,0.08540895,-0.2846096,-0.040243506,
487000052,0.9539833,0.085406825,-0.28460917,-0.040239174,
487003897,0.9539841,0.08540421,-0.28460678,-0.040243197,
487009051,0.9539847,0.08540208,-0.28460568,-0.04024216,
487014051,0.95398355,0.0854071,-0.2846081,-0.04024091,
487020052,0.9539824,0.08540927,-0.2846112,-0.040241685,
487025052,0.95398086,0.08541095,-0.28461564,-0.04024327,
487030052,0.9539799,0.08540843,-0.28461963,-0.04024163,
487035052,0.9539788,0.085410595,-0.28462273,-0.040242407,
487040052,0.9539783,0.08540992,-0.2846252,-0.040237863,
487043897,0.9539787,0.08540433,-0.28462538,-0.040240195,
487049051,0.9539779,0.085404195,-0.28462806,-0.04023829,
487054051,0.9539771,0.085414164,-0.28462797,-0.040237032,
487060052,0.9539761,0.08541542,-0.28463137,-0.040234763,
487065052,0.9539746,0.08541943,-0.28463498,-0.040236697,
487070052,0.9539746,0.08541593,-0.28463626,-0.040235154,
487075052,0.95397335,0.08541855,-0.28463957,-0.04023581,
487080052,0.9539737,0.08541598,-0.28463903,-0.040236622,
487083897,0.95397246,0.08541817,-0.28464323,-0.04023246,
487089051,0.9539738,0.08541836,-0.2846386,-0.040231004,
487094051,0.95397145,0.08542471,-0.28464478,-0.040230755,
487100052,0.95397097,0.08542133,-0.28464755,-0.040230393,
487105052,0.95396966,0.0854281,-0.28464976,-0.04023083,
487110052,0.9539693,0.08542643,-0.28465188,-0.040228788,
487115052,0.95396763,0.08542954,-0.28465617,-0.040231045,
487120052,0.9539683,0.085428536,-0.28465527,-0.040223,
487123897,0.9539675,0.08542651,-0.28465798,-0.040225565,
487129051,0.95396835,0.085424826,-0.28465632,-0.040222682,
487134051,0.95396715,0.08543227,-0.28465787,-0.040224537,
487140052,0.95396626,0.08543223,-0.2846613,-0.040222105,
487145052,0.95396453,0.08543503,-0.28466564,-0.040223338,
487150052,0.9539642,0.08543466,-0.28466737,-0.04022311,
487155052,0.9539633,0.085443266,-0.28466776,-0.04022229,
487160052,0.95396334,0.08543878,-0.28466934,-0.040219944,
487163897,0.9539642,0.0854397,-0.28466564,-0.040223368,
487169051,0.95396405,0.08543944,-0.28466624,-0.040223572,
487174051,0.9539623,0.08544256,-0.2846709,-0.040224183,
487180052,0.9539628,0.085438915,-0.28467065,-0.04022143,
487185052,0.9539621,0.0854439,-0.28467157,-0.04022175,
487190052,0.9539633,0.08544253,-0.28466827,-0.040219203,
487195052,0.95396227,0.08544329,-0.2846719,-0.040217668,
487200052,0.95396125,0.08544469,-0.2846749,-0.040217552,
487203897,0.95396,0.08545002,-0.2846776,-0.04021567,
487209051,0.9539604,0.08545295,-0.2846758,-0.04021417,
487214051,0.95395833,0.085454725,-0.28468138,-0.040218595,
487220052,0.9539583,0.08545265,-0.28468254,-0.040217716,
487225052,0.9539575,0.08545515,-0.284684,-0.040218823,
487230052,0.95395726,0.0854552,-0.28468516,-0.04021674,
487235052,0.9539562,0.08546103,-0.28468657,-0.040219065,
487240052,0.95395666,0.08545801,-0.28468618,-0.040218353,
487243897,0.9539553,0.085457936,-0.2846905,-0.0402199,
487249051,0.95395505,0.085455716,-0.2846924,-0.040215217,
487254051,0.9539531,0.08546533,-0.2846963,-0.040216036,
487260052,0.95395327,0.085461415,-0.28469694,-0.040214002,
487265052,0.95395243,0.08546371,-0.28469923,-0.040213566,
487270052,0.95395285,0.085462704,-0.28469807,-0.040212184,
487275052,0.95395195,0.0854696,-0.28469947,-0.04021141,
487280052,0.95395166,0.08547117,-0.28470007,-0.040209398,
487283897,0.9539509,0.08547097,-0.28470218,-0.04021305,
487289051,0.9539516,0.08546919,-0.28470019,-0.040214065,
487294051,0.9539503,0.085468814,-0.28470457,-0.0402146,
487300052,0.9539518,0.085470505,-0.28469938,-0.04021321,
487305052,0.9539492,0.085473396,-0.2847065,-0.04021798,
487310052,0.9539499,0.08546951,-0.28470558,-0.040215254,
487315052,0.953948,0.085473694,-0.28471032,-0.040217776,
487320052,0.9539482,0.08547379,-0.2847103,-0.040213365,
487323897,0.9539474,0.085475236,-0.28471214,-0.04021594,
487329051,0.9539465,0.08547566,-0.28471512,-0.04021668,
487334051,0.95394474,0.08548142,-0.28471923,-0.04021701,
487340052,0.95394456,0.08547883,-0.2847206,-0.04021686,
487345052,0.9539426,0.085486494,-0.28472474,-0.040217735,
487350052,0.9539426,0.085485466,-0.2847255,-0.04021539,
487355052,0.95394146,0.08548967,-0.28472823,-0.04021385,
487360052,0.9539416,0.085486755,-0.2847296,-0.04020766,
487363897,0.95394045,0.08549139,-0.28473145,-0.040210944,
487369051,0.9539399,0.08549215,-0.28473312,-0.040210366,
487374051,0.95393825,0.08549663,-0.2847373,-0.04021053,
487380052,0.9539374,0.08549561,-0.28474072,-0.04020895,
487385052,0.95393574,0.08549842,-0.2847451,-0.040210195,
487390052,0.9539358,0.085496716,-0.2847454,-0.040211372,
487395052,0.9539345,0.08549949,-0.28474864,-0.040212534,
487400052,0.95393395,0.08549558,-0.28475162,-0.040212907,
487403897,0.95393395,0.085495695,-0.28475133,-0.04021516,
487409051,0.9539344,0.085494034,-0.28475082,-0.04021235,
487414051,0.95393306,0.08549998,-0.28475296,-0.04021415,
487420052,0.9539325,0.085495256,-0.2847566,-0.040212594,
487425052,0.9539299,0.08550078,-0.2847628,-0.040218726,
487430052,0.9539302,0.085501246,-0.28476256,-0.04021308,
487435052,0.95392793,0.08550847,-0.28476766,-0.040214155,
487440052,0.953928,0.0855058,-0.28476864,-0.040212896,
487443897,0.9539269,0.08550749,-0.28477117,-0.040215444,
487449051,0.9539272,0.0855081,-0.28477055,-0.04021195,
487454051,0.9539251,0.08551117,-0.28477573,-0.040218186,
487460052,0.9539247,0.0855099,-0.28477806,-0.04021326,
487465052,0.95392513,0.0855138,-0.2847756,-0.040214207,
487470052,0.9539248,0.08551048,-0.284778,-0.040213242,
487475052,0.9539231,0.085512154,-0.28478274,-0.040213183,
487480052,0.9539217,0.0855106,-0.28478834,-0.040211372,
487483897,0.9539207,0.0855126,-0.28479046,-0.040216587,
487489051,0.95392007,0.08551863,-0.284791,-0.040215444,
487494051,0.9539199,0.085522495,-0.28479007,-0.040217068,
487500052,0.9539197,0.08552306,-0.28479064,-0.040215902,
487505052,0.95391774,0.08552606,-0.2847958,-0.040219374,
487510053,0.9539177,0.08552686,-0.28479666,-0.040214825,
487515052,0.9539168,0.08553132,-0.2847978,-0.04021587,
487520052,0.95391756,0.08552993,-0.284796,-0.040214,
487523897,0.95391744,0.08553245,-0.28479517,-0.040217713,
487529051,0.9539169,0.08553155,-0.28479743,-0.040216573,
487534051,0.9539158,0.08553371,-0.28480053,-0.040217347,
487540052,0.9539156,0.08553209,-0.28480157,-0.040217996,
487545052,0.9539154,0.08553551,-0.28480077,-0.040218093,
487550052,0.9539152,0.08553286,-0.28480256,-0.04021856,
487555052,0.9539141,0.085537046,-0.2848049,-0.040218666,
487560052,0.9539134,0.08553158,-0.28480884,-0.040219583,
487563897,0.95391214,0.085534066,-0.28481287,-0.04021643,
487569051,0.9539128,0.0855305,-0.28481224,-0.04021308,
487574051,0.95391184,0.08553354,-0.2848139,-0.040216826,
487580052,0.9539112,0.08553114,-0.28481704,-0.04021397,
487585052,0.9539106,0.08553467,-0.28481776,-0.040215258,
487590052,0.9539101,0.08553333,-0.2848202,-0.04021259,
487595052,0.9539079,0.08553536,-0.28482646,-0.040216994,
487600052,0.9539071,0.08553434,-0.28482988,-0.040215418,
487603897,0.95390505,0.085535534,-0.28483635,-0.040214516,
487609051,0.9539052,0.08553313,-0.28483683,-0.0402109,
487614051,0.9539045,0.08554111,-0.2848363,-0.04021298,
487620052,0.95390505,0.08553877,-0.28483602,-0.0402104,
487625052,0.95390314,0.085542575,-0.28484017,-0.04021745,
487630052,0.9539032,0.08554312,-0.28484032,-0.040212914,
487635052,0.95390135,0.08554634,-0.2848457,-0.040212996,
487640052,0.9539009,0.08554631,-0.28484726,-0.040211517,
487643897,0.9539002,0.08554686,-0.2848494,-0.040211044,
487649051,0.9539,0.08554706,-0.28485012,-0.040211115,
487654051,0.9538987,0.08555314,-0.28485256,-0.04021177,
487660052,0.9538976,0.085550025,-0.28485715,-0.04021147,
487665052,0.95389694,0.08555072,-0.28485894,-0.040213145,
487670052,0.9538966,0.08554792,-0.28486112,-0.040211447,
487675052,0.953896,0.08555357,-0.28486115,-0.040214837,
487680052,0.9538959,0.08555271,-0.28486255,-0.04020971,
487683897,0.9538947,0.08555255,-0.28486717,-0.04020685,
487689051,0.95389485,0.08555376,-0.284866,-0.04020703,
487694051,0.95389336,0.085557766,-0.2848696,-0.04020896,
487700052,0.95389336,0.08555508,-0.28487027,-0.04020934,
487705052,0.95389324,0.08555797,-0.2848693,-0.040211823,
487710053,0.9538929,0.085555024,-0.2848719,-0.040207975,
487715052,0.95389175,0.08555691,-0.2848755,-0.040206093,
487720052,0.95389223,0.0855541,-0.284875,-0.04020363,
487723897,0.953892,0.08555017,-0.28487757,-0.040200632,
487729051,0.95389074,0.08555183,-0.2848816,-0.04019885,
487734051,0.95388997,0.08555079,-0.28488398,-0.040202215,
487740052,0.9538897,0.0855485,-0.28488523,-0.040203083,
487745052,0.9538888,0.085554175,-0.284886,-0.040208194,
487750053,0.9538888,0.085553154,-0.28488675,-0.040205855,
487755052,0.9538877,0.085556805,-0.28488865,-0.040209986,
487760052,0.953887,0.085557655,-0.284891,-0.040208876,
487763897,0.95388603,0.085558034,-0.28489292,-0.04021455,
487769051,0.95388585,0.08555824,-0.28489438,-0.040211335,
487774051,0.95388544,0.08556139,-0.2848948,-0.040210493,
487780052,0.9538855,0.08556043,-0.28489512,-0.04020754,
487785052,0.9538841,0.08556383,-0.28489858,-0.040209092,
487790052,0.95388407,0.08556461,-0.28489903,-0.04020618,
487795052,0.9538819,0.08556808,-0.2849051,-0.04020623,
487800052,0.95388246,0.085564144,-0.284905,-0.040202472,
487803897,0.9538815,0.08556689,-0.2849075,-0.04020191,
487809051,0.9538817,0.085563965,-0.28490818,-0.04019902,
487814051,0.95388055,0.08556409,-0.2849113,-0.04020376,
487820052,0.953879,0.08556531,-0.28491625,-0.040202174,
487825052,0.95387775,0.08556726,-0.28491947,-0.0402047,
487830052,0.95387846,0.08556781,-0.28491664,-0.040206067,
487835052,0.9538766,0.08557215,-0.28492138,-0.040209103,
487840052,0.9538762,0.08557116,-0.2849229,-0.04020848,
487843900,0.95387685,0.08556984,-0.28492114,-0.04020938,
487849051,0.9538782,0.08556712,-0.28491825,-0.040202256,
487854051,0.9538775,0.08557044,-0.28491974,-0.040202,
487860052,0.953877,0.08557009,-0.28492218,-0.040198475,
487865052,0.9538764,0.08557279,-0.2849228,-0.04020113,
487870052,0.9538764,0.085573435,-0.28492302,-0.040199358,
487875052,0.9538755,0.08557603,-0.28492486,-0.040201582,
487880052,0.9538743,0.085574895,-0.2849295,-0.040199574,
487883897,0.9538741,0.08557728,-0.2849295,-0.040199492,
487889051,0.9538739,0.08557884,-0.2849301,-0.040197477,
487894051,0.9538724,0.0855839,-0.28493404,-0.040194653,
487900052,0.9538723,0.08558273,-0.28493485,-0.040191807,
487905052,0.9538707,0.08558487,-0.28493953,-0.040193267,
487910052,0.95386994,0.0855849,-0.28494224,-0.040191874,
487915052,0.9538698,0.08558629,-0.28494185,-0.04019429,
487920052,0.9538697,0.08558422,-0.28494337,-0.040191766,
487923897,0.9538679,0.08558764,-0.2849479,-0.040193386,
487929051,0.9538685,0.08558702,-0.28494662,-0.040190767,
487934051,0.95386744,0.08558872,-0.28494954,-0.040191673,
487940052,0.95386666,0.08558902,-0.2849514,-0.040194586,
487945052,0.95386535,0.08559242,-0.2849545,-0.040197782,
487950052,0.9538656,0.085591674,-0.28495434,-0.040194727,
487955052,0.9538645,0.0855997,-0.28495565,-0.0401936,
487960052,0.95386463,0.085596256,-0.28495649,-0.04019144,
487963897,0.95386344,0.08559955,-0.28495923,-0.04019352,
487969051,0.95386475,0.085597284,-0.28495657,-0.040186275,
487974051,0.9538635,0.08560225,-0.28495947,-0.040185634,
487980052,0.9538627,0.08560144,-0.28496212,-0.0401856,
487985052,0.95386225,0.085607,-0.28496176,-0.04018787,
487990052,0.9538625,0.085605726,-0.28496146,-0.0401872,
487995052,0.9538613,0.08561256,-0.2849636,-0.040185377,
488000052,0.95386046,0.08561072,-0.28496736,-0.040183514,
488003897,0.9538595,0.085608274,-0.28497103,-0.040186286,
488009051,0.9538597,0.08560218,-0.28497207,-0.040186055,
488014051,0.95385927,0.08560382,-0.2849727,-0.040186804,
488020052,0.9538589,0.08560615,-0.28497413,-0.04018239,
488025052,0.9538585,0.08561193,-0.28497368,-0.04018292,
488030052,0.9538591,0.08560897,-0.2849725,-0.04018325,
488035052,0.9538577,0.085614525,-0.2849751,-0.04018464,
488040052,0.9538565,0.08561301,-0.28497922,-0.04018717,
488043897,0.95385593,0.08561572,-0.28498024,-0.04018818,
488049051,0.95385575,0.08561463,-0.28498143,-0.040186446,
488054051,0.9538541,0.085620224,-0.28498486,-0.040189557,
488060052,0.9538544,0.085617825,-0.2849853,-0.040185932,
488065052,0.9538526,0.0856211,-0.2849899,-0.04018705,
488070052,0.95385206,0.08562052,-0.2849921,-0.04018692,
488075052,0.95385146,0.08562414,-0.28499344,-0.040182665,
488080052,0.9538502,0.085620165,-0.28499946,-0.040179394,
488083897,0.9538489,0.085622415,-0.28500256,-0.040182937,
488089051,0.95384854,0.08562542,-0.2850034,-0.040179946,
488094051,0.95384705,0.0856331,-0.2850057,-0.040181786,
488100052,0.9538458,0.08563776,-0.285009,-0.04017848,
488105052,0.9538446,0.08563835,-0.28501233,-0.0401831,
488110052,0.953844,0.08563413,-0.28501537,-0.040182456,
488115052,0.95384276,0.08564128,-0.2850178,-0.04018,
488120052,0.9538433,0.08563682,-0.28501785,-0.04017697,
488123897,0.9538413,0.0856423,-0.28502214,-0.0401813,
488129051,0.9538413,0.08564127,-0.2850222,-0.040182255,
488134051,0.95383877,0.08565132,-0.2850275,-0.040185284,
488140052,0.95383877,0.085647434,-0.28502858,-0.04018662,
488145052,0.9538366,0.08565089,-0.2850347,-0.04018668,
488150052,0.9538362,0.08565157,-0.28503668,-0.040181693,
488155052,0.95383453,0.08565716,-0.28503978,-0.040186454,
488160052,0.95383394,0.08565792,-0.28504217,-0.04018258,
488163897,0.9538336,0.085660085,-0.28504297,-0.040180948,
488169051,0.9538342,0.085658476,-0.28504166,-0.04017918,
488174051,0.9538334,0.08566399,-0.28504238,-0.040178765,
488180052,0.9538332,0.08566157,-0.28504443,-0.04017583,
488185052,0.9538309,0.08566995,-0.28504947,-0.04017655,
488190052,0.9538312,0.085666716,-0.28504986,-0.040174294,
488195052,0.95382875,0.08567102,-0.28505605,-0.040178005,
488200052,0.9538283,0.08566982,-0.28505838,-0.04017584,
488203897,0.9538273,0.085677534,-0.28505877,-0.040178634,
488209051,0.9538265,0.08567636,-0.28506225,-0.04017655,
488214051,0.95382553,0.08568009,-0.28506443,-0.04017679,
488220053,0.95382553,0.085677095,-0.28506547,-0.040174503,
488225052,0.95382446,0.08568061,-0.28506804,-0.040174834,
488230052,0.95382595,0.08567651,-0.28506458,-0.040173102,
488235052,0.9538242,0.085682414,-0.28506792,-0.04017723,
488240052,0.95382386,0.08568225,-0.28506953,-0.040175248,
488243897,0.95382315,0.08568498,-0.28507158,-0.040171314,
488249051,0.9538229,0.08568517,-0.28507233,-0.04017139,
488254051,0.9538218,0.08569048,-0.28507394,-0.040174443,
488260052,0.9538213,0.08569177,-0.2850758,-0.04017149,
488265052,0.9538204,0.08569587,-0.28507742,-0.04017213,
488270052,0.95382047,0.08569372,-0.2850782,-0.040170133,
488275052,0.9538196,0.08569652,-0.2850799,-0.040170606,
488280052,0.9538201,0.085692525,-0.28507984,-0.040169105,
488283897,0.9538193,0.085694805,-0.2850817,-0.04017031,
488289051,0.9538199,0.08569538,-0.28507996,-0.04016673,
488294051,0.9538189,0.085696936,-0.28508288,-0.040167127,
488300053,0.95381856,0.08569564,-0.28508487,-0.040163845,
488305052,0.953817,0.085701,-0.28508833,-0.04016368,
488310052,0.9538179,0.08569404,-0.28508815,-0.040159725,
488315052,0.9538166,0.08569795,-0.28509068,-0.040163834,
488320052,0.9538164,0.085697696,-0.28509194,-0.04016074,
488323897,0.9538153,0.085703015,-0.2850939,-0.040162146,
488329051,0.95381486,0.085701354,-0.28509602,-0.0401601,
488334051,0.95381385,0.085707195,-0.2850971,-0.040164072,
488340052,0.9538136,0.085704915,-0.2850991,-0.040161647,
488345052,0.9538121,0.085713126,-0.28510115,-0.04016275,
488350052,0.9538124,0.08571056,-0.28510132,-0.04016027,
488355052,0.95381105,0.08571348,-0.28510454,-0.040161937,
488360052,0.9538104,0.08570967,-0.28510794,-0.04016343,
488363897,0.95380884,0.085711494,-0.285112,-0.04016717,
488369051,0.953809,0.08571256,-0.28511128,-0.040165205,
488374051,0.95380795,0.08571676,-0.28511402,-0.04016367,
488380052,0.95380783,0.085712045,-0.28511575,-0.040163074,
488385052,0.95380616,0.085715465,-0.28511998,-0.04016634,
488390052,0.9538067,0.08571251,-0.28511953,-0.04016337,
488395052,0.953805,0.0857145,-0.2851246,-0.04016268,
488400052,0.9538049,0.08570993,-0.2851263,-0.04016259,
488403897,0.9538042,0.085707754,-0.28512838,-0.04016795,
488409051,0.9538034,0.085710585,-0.28513086,-0.04016514,
488414051,0.95380294,0.085715555,-0.28513172,-0.04016044,
488420052,0.9538016,0.0857197,-0.2851352,-0.040157862,
488425052,0.953801,0.08572242,-0.2851366,-0.040157232,
488430052,0.9538011,0.085719414,-0.28513697,-0.040158246,
488435052,0.9537997,0.085724995,-0.2851403,-0.04015634,
488440052,0.95379996,0.08572009,-0.28514057,-0.0401568,
488443897,0.95379806,0.08572045,-0.28514668,-0.04015891,
488449051,0.9537982,0.08571731,-0.2851471,-0.04015941,
488454051,0.9537966,0.08572381,-0.28515017,-0.040160555,
488460052,0.9537955,0.08572281,-0.2851544,-0.0401607,
488465052,0.9537953,0.08572713,-0.285153,-0.0401655,
488470052,0.95379543,0.08572369,-0.2851539,-0.04016334,
488475052,0.9537934,0.08572886,-0.28515893,-0.040163357,
488480052,0.9537943,0.08572604,-0.28515765,-0.04015918,
488483897,0.95379364,0.08572476,-0.2851597,-0.040160917,
488489051,0.95379275,0.08572406,-0.28516343,-0.04015871,
488494051,0.9537929,0.08572737,-0.2851612,-0.040162634,
488500052,0.95379186,0.0857266,-0.28516498,-0.040162675,
488505052,0.9537901,0.08573289,-0.28516924,-0.040160622,
488510052,0.95379007,0.08573283,-0.28516933,-0.040160723,
488515052,0.95378923,0.0857376,-0.28517073,-0.04016114,
488520052,0.9537884,0.08573558,-0.28517377,-0.04016206,
488523897,0.95378786,0.085732505,-0.2851765,-0.04016273,
488529051,0.95378745,0.085730165,-0.28517887,-0.040160913,
488534051,0.9537866,0.08573629,-0.2851798,-0.040160883,
488540053,0.95378613,0.08573424,-0.2851817,-0.040161725,
488545052,0.95378554,0.085739605,-0.2851825,-0.040160805,
488550052,0.95378494,0.08573488,-0.28518647,-0.0401576,
488555052,0.95378387,0.08574071,-0.2851879,-0.040159922,
488560052,0.9537836,0.085736394,-0.28519022,-0.04015981,
488563897,0.9537833,0.08573509,-0.2851915,-0.040159825,
488569051,0.95378244,0.08573709,-0.28519425,-0.040156726,
488574051,0.95378155,0.08573953,-0.28519642,-0.040156793,
488580052,0.95378155,0.08573723,-0.28519762,-0.040152643,
488585052,0.9537803,0.085741356,-0.28520042,-0.04015336,
488590052,0.95378,0.08574187,-0.28520176,-0.040151153,
488595052,0.9537788,0.08574554,-0.28520504,-0.040148698,
488600052,0.9537791,0.085743375,-0.28520572,-0.040141687,
488603897,0.95377755,0.085740626,-0.28521207,-0.040139187,
488609051,0.953777,0.08573874,-0.28521428,-0.04013889,
488614051,0.95377564,0.08574349,-0.28521726,-0.04014,
488620052,0.95377564,0.08574328,-0.28521734,-0.04013959,
488625052,0.95377344,0.08575019,-0.28522253,-0.040139645,
488630052,0.95377415,0.08575113,-0.28522065,-0.040134836,
488635052,0.9537737,0.08575722,-0.2852204,-0.040134728,
488640052,0.9537734,0.085757576,-0.28522146,-0.040133666,
488643897,0.9537729,0.08575584,-0.28522334,-0.040135525,
488649051,0.9537727,0.085753106,-0.28522512,-0.040133227,
488654051,0.95377076,0.08575662,-0.2852304,-0.04013432,
488660052,0.95377064,0.08575854,-0.28523046,-0.040132705,
488665052,0.9537699,0.08576218,-0.28523192,-0.04013347,
488670052,0.95377177,0.08575623,-0.2852276,-0.04013222,
488675052,0.95377004,0.08576183,-0.28523135,-0.040133685,
488680052,0.9537688,0.08575754,-0.28523746,-0.0401294,
488683897,0.95376927,0.0857552,-0.2852368,-0.040128473,
488689051,0.95376945,0.08575476,-0.2852369,-0.040124793,
488694051,0.9537683,0.08575911,-0.2852392,-0.04012541,
488700053,0.9537686,0.08575739,-0.28523907,-0.040123217,
488705052,0.9537678,0.085762,-0.2852405,-0.040123124,
488710052,0.95376736,0.08576116,-0.28524196,-0.04012301,
488715052,0.95376587,0.08576201,-0.28524637,-0.040125962,
488720052,0.95376587,0.085762344,-0.2852466,-0.040123176,
488723897,0.9537659,0.085763946,-0.28524575,-0.040125486,
488729051,0.95376605,0.08576201,-0.2852468,-0.0401201,
488734051,0.9537644,0.08576715,-0.28525037,-0.040121686,
488740052,0.9537646,0.085767545,-0.2852499,-0.04011994,
488745052,0.95376354,0.085771196,-0.28525177,-0.04012407,
488750053,0.9537638,0.08576932,-0.28525168,-0.04012136,
488755052,0.9537617,0.08577346,-0.28525785,-0.040119547,
488760052,0.9537615,0.08577004,-0.28525987,-0.040117465,
488763897,0.95376104,0.085768,-0.2852618,-0.04011831,
488769051,0.95375997,0.08576792,-0.28526604,-0.040114842,
488774051,0.95375794,0.08577225,-0.28527108,-0.04011622,
488780052,0.95375687,0.085774794,-0.28527403,-0.040115766,
488785052,0.95375615,0.085778505,-0.28527576,-0.040112626,
488790052,0.95375574,0.08577684,-0.28527823,-0.04010894,
488795052,0.9537538,0.08578269,-0.2852827,-0.04011038,
488800052,0.95375407,0.085777804,-0.2852837,-0.040107552,
488843895,0.9537446,0.08578916,-0.28531244,-0.040103137,
488849051,0.9537456,0.0857864,-0.28531075,-0.040098354,
488803897,0.9537522,0.08577906,-0.28528976,-0.040106047,
488809051,0.9537519,0.08578062,-0.28529036,-0.040104028,
488814051,0.9537508,0.0857849,-0.2852927,-0.040106896,
488820052,0.9537496,0.08578526,-0.2852968,-0.040104948,
488825052,0.95374817,0.08578745,-0.28530067,-0.04010746,
488830052,0.9537476,0.08578257,-0.2853047,-0.040103752,
488835052,0.95374614,0.08578613,-0.2853081,-0.04010581,
488840052,0.9537456,0.0857871,-0.28531006,-0.040101837,
488854051,0.95374477,2.4e-44,0.08579254,-0.28531125,
3173269607,2.1627453e-21,0.9537442,0.08579192,-0.2853142,
3173268551,2.163755e-21,0.9537418,0.0857978,-0.2853201,
3173268516,2.1647648e-21,0.9537419,0.08579453,-0.28532133,
3173267632,2.1657745e-21,0.95374125,0.08580073,-0.2853218,
3173267461,2.1667843e-21,0.9537417,-4.7683966e-07,8.0876676e-26,
488883897,0.95374084,0.085795864,-0.28532445,-0.04009321,
488889051,0.95374095,0.08579641,-0.28532425,-0.04009032,
488894051,0.9537387,0.08580298,-0.28533027,-0.040088322,
488900053,0.9537385,0.085800245,-0.28533202,-0.040086024,
488905052,0.9537378,0.085807554,-0.28533176,-0.040088326,
488910052,0.9537383,0.085802205,-0.28533185,-0.040088918,
488915052,0.9537369,0.08580545,-0.28533533,-0.040089965,
488920052,0.9537375,0.08580399,-0.28533432,-0.04008706,
488923897,0.95373654,0.08580373,-0.28533715,-0.04008967,
488929051,0.9537373,0.085802026,-0.2853351,-0.040088434,
488934051,0.95373726,0.085807934,-0.28533342,-0.04008939,
488940052,0.9537368,0.085805595,-0.28533614,-0.04008593,
488945052,0.9537353,0.08581081,-0.28533962,-0.040085264,
488950053,0.9537345,0.08581003,-0.28534332,-0.040080294,
488955052,0.9537334,0.085813545,-0.28534594,-0.04008063,
488960052,0.95373327,0.08580755,-0.28534842,-0.04007658,
488963897,0.95373374,0.08580664,-0.28534698,-0.040079612,
488969051,0.95373344,0.08580301,-0.28534943,-0.04007763,
488974051,0.95373243,0.08580991,-0.2853508,-0.040076848,
488980053,0.95373195,0.08580741,-0.28535324,-0.040074524,
488985052,0.95373106,0.08581017,-0.2853557,-0.040073957,
488990053,0.95373225,0.085805856,-0.28535336,-0.04006902,
488995052,0.953731,0.085806094,-0.28535727,-0.040073235,
489000052,0.9537315,0.08580179,-0.28535727,-0.040070716,
489003897,0.9537305,0.08580506,-0.2853592,-0.040071066,
489009051,0.95372915,0.08580567,-0.28536397,-0.0400691,
489014051,0.953728,0.085806854,-0.2853674,-0.040069085,
489020052,0.9537276,0.085804135,-0.28536963,-0.040070157,
489025052,0.95372707,0.08580985,-0.28536955,-0.04007129,
489030053,0.95372736,0.08580368,-0.28537095,-0.040066656,
489035052,0.9537267,0.085809335,-0.28537133,-0.040068395,
489040053,0.95372736,0.08580893,-0.28536993,-0.040064026,
489043897,0.9537267,0.08580631,-0.28537247,-0.04006621,
489049051,0.95372736,0.085806206,-0.28537065,-0.040064506,
489054051,0.9537255,0.085809246,-0.2853754,-0.04006737,
489060052,0.9537255,0.08580903,-0.28537515,-0.040068604,
489065052,0.95372385,0.08581132,-0.28537977,-0.04007058,
489070052,0.9537241,0.085809216,-0.28538015,-0.04006797,
489075052,0.953723,0.08581144,-0.2853828,-0.040068142,
489080052,0.9537232,0.08580964,-0.28538236,-0.040069845,
489083897,0.95372254,0.08581299,-0.28538427,-0.04006795,
489089051,0.95372206,0.08581231,-0.28538603,-0.0400667,
489094051,0.9537201,0.08581914,-0.28539053,-0.04006729,
489100052,0.95372105,0.08581532,-0.2853885,-0.040067255,
489105052,0.95371985,0.08582163,-0.28539085,-0.04006616,
489110052,0.95372,0.08581674,-0.28539252,-0.040060036,
489115052,0.9537181,0.08582176,-0.28539732,-0.040061194,
489120052,0.9537183,0.08581937,-0.28539777,-0.040057577,
489123897,0.95371723,0.085818596,-0.2854012,-0.040059272,
489129051,0.95371765,0.08581807,-0.2854003,-0.040057775,
489134051,0.9537163,0.085821,-0.2854039,-0.040057797,
489140052,0.9537166,0.08582326,-0.28540272,-0.040054873,
489145052,0.9537154,0.08582687,-0.285405,-0.04005962,
489150052,0.95371526,0.08582314,-0.28540677,-0.04005817,
489155052,0.95371443,0.08582792,-0.28540817,-0.040058583,
489160052,0.95371544,0.08582318,-0.28540674,-0.040053856,
489163897,0.95371455,0.085826755,-0.2854086,-0.040055223,
489169051,0.9537134,0.085829,-0.28541166,-0.040053744,
489174051,0.9537122,0.08583381,-0.28541422,-0.040054243,
489180052,0.9537119,0.08583265,-0.28541583,-0.040053114,
489185052,0.95370984,0.085839264,-0.28542042,-0.040055446,
489190052,0.9537098,0.085839756,-0.28542098,-0.040051524,
489195052,0.9537089,0.08584581,-0.28542194,-0.040053748,
489200052,0.9537093,0.085841954,-0.28542146,-0.0400544,
489203897,0.9537091,0.08583898,-0.28542298,-0.04005549,
489209051,0.9537095,0.08583694,-0.2854226,-0.040053926,
489214051,0.95370764,0.085843526,-0.28542674,-0.04005289,
489220053,0.95370775,0.08584226,-0.28542718,-0.040048923,
489225052,0.95370555,0.085847326,-0.28543308,-0.040050164,
489230052,0.9537052,0.085845746,-0.2854355,-0.04004423,
489235052,0.9537045,0.085848935,-0.28543708,-0.040043473,
489240052,0.9537064,0.085844494,-0.28543255,-0.040040646,
489243897,0.9537057,0.0858497,-0.28543335,-0.040039215,
489249051,0.953706,0.08584744,-0.28543305,-0.040039398,
489254051,0.95370454,0.08585083,-0.28543687,-0.040039297,
489260053,0.9537036,0.08584959,-0.28544077,-0.040037826,
489265052,0.9537017,0.08585348,-0.28544596,-0.040037684,
489270052,0.95370257,0.08585011,-0.28544375,-0.04003917,
489275052,0.9537014,0.08585507,-0.28544587,-0.04004182,
489280052,0.953702,0.08584961,-0.28544557,-0.040041298,
489283897,0.9537024,0.08584946,-0.2854445,-0.04003856,
489289051,0.95370233,0.08585157,-0.28544414,-0.040036846,
489294052,0.953701,0.08585799,-0.2854469,-0.040036876,
489300052,0.953701,0.08585763,-0.28544706,-0.04003596,
489305052,0.95369864,0.08586028,-0.28545353,-0.040040746,
489310052,0.9536988,0.08585653,-0.2854545,-0.04003758,
489315052,0.95369756,0.08586329,-0.28545636,-0.040039655,
489320052,0.953698,0.08585974,-0.28545582,-0.04004132,
489323921,0.9536968,0.085864544,-0.28545836,-0.04004181,
489329051,0.9536967,0.085863225,-0.28545955,-0.04003681,
489334051,0.9536956,0.085864715,-0.2854629,-0.04003781,
489340052,-3.1858916e-10,-3.1957145e-10,-3.1957145e-10,-3.1957145e-10,
2947526575,-3.1957145e-10,-3.1957145e-10,-3.1957145e-10,-3.1957145e-10,
2947526575,-3.1957145e-10,-3.1957145e-10,-3.1957145e-10,-3.1957145e-10,
2947526575,-3.1957145e-10,-3.1957145e-10,-3.1957145e-10,-3.1957145e-10,
2947526575,-3.1957145e-10,-3.1957145e-10,-3.1957145e-10,-3.1957145e-10,
489363897,0.953694,0.085874565,-0.28546634,-0.04002999,
489369051,0.95369333,0.0858748,-0.2854686,-0.040028498,
489374051,0.95369273,0.085877515,-0.28546962,-0.040029507,
489380052,0.9536923,0.08587879,-0.28547037,-0.040031493,
489385052,0.95369196,0.08588224,-0.28547034,-0.040033318,
489390052,0.9536918,0.08588281,-0.2854709,-0.040032156,
489395052,0.9536899,0.08588934,-0.28547516,-0.040033378,
489400052,0.9536902,0.08588843,-0.28547475,-0.040031463,
489403897,0.9536899,0.085887276,-0.28547597,-0.04003199,
489409051,0.9536897,0.08588724,-0.2854771,-0.04002714,
489414051,0.9536882,0.08588809,-0.28548115,-0.040031742,
489420052,0.9536885,0.085885845,-0.28548127,-0.04003028,
489425052,0.9536877,0.08588587,-0.28548396,-0.04002888,
489430052,0.9536874,0.0858869,-0.28548476,-0.040027592,
489435052,0.9536861,0.08589187,-0.28548798,-0.040025305,
489440053,0.9536875,0.085886575,-0.285486,-0.04001958,
489443897,0.95368665,0.085888185,-0.28548783,-0.040022653,
489449051,0.9536868,0.08588872,-0.28548726,-0.04002141,
489454051,0.9536854,0.085892804,-0.2854908,-0.04002109,
489460053,0.9536854,0.08588998,-0.2854922,-0.040017676,
489465052,0.953684,0.0858945,-0.28549495,-0.04002217,
489470052,0.95368373,0.08589372,-0.285496,-0.040021457,
489475052,0.9536818,0.08590009,-0.28550026,-0.040022165,
489480052,0.953682,0.08589914,-0.2855003,-0.040020864,
489483897,0.9536803,0.08589774,-0.28550586,-0.040024586,
489489051,0.9536805,0.08590014,-0.28550422,-0.04002381,
489494051,0.95368046,0.0859032,-0.28550363,-0.040025152,
489500052,0.95368034,0.08589946,-0.28550467,-0.040026996,
489505052,0.9536793,0.08589899,-0.28550804,-0.040029716,
489510052,0.9536793,0.085896984,-0.2855091,-0.040026583,
489515052,0.9536782,0.08590148,-0.28551102,-0.040029354,
489520052,0.9536784,0.085899375,-0.28551102,-0.0400284,
489523897,0.953677,0.08589931,-0.28551605,-0.040026654,
489529051,0.9536772,0.08589638,-0.28551638,-0.040025413,
489534051,0.95367587,0.085904285,-0.28551823,-0.040027145,
489540052,0.9536745,0.085901074,-0.285524,-0.040026423,
489545052,0.95367193,0.08590714,-0.28552997,-0.04003182,
489550052,0.95367163,0.08590486,-0.28553194,-0.0400294,
489555052,0.95366955,0.08590997,-0.28553703,-0.04003167,
489560052,0.9536689,0.08591019,-0.28553888,-0.040031817,
489563897,0.95366895,0.08590999,-0.285539,-0.040031414,
489569051,0.95366925,0.08590526,-0.28553993,-0.040029097,
489574051,0.95366764,0.085906565,-0.2855445,-0.04003193,
489580052,0.9536672,0.08590602,-0.2855459,-0.040032838,
489585052,0.95366645,0.08590815,-0.28554747,-0.04003519,
489590052,0.9536661,0.085906036,-0.28554973,-0.040031627,
489595052,0.953665,0.085907064,-0.28555286,-0.040032756,
489600052,0.9536653,0.08590481,-0.28555292,-0.04003129,
489603897,0.95366675,0.08590334,-0.28554887,-0.040029272,
489609051,0.95366675,0.085899234,-0.2855507,-0.040024046,
489614051,0.95366424,0.08590687,-0.2855568,-0.040023956,
489620052,0.95366395,0.08590474,-0.28555837,-0.04002369,
489625052,0.95366246,0.08591258,-0.28556064,-0.040026028,
489630053,0.95366305,0.08590999,-0.28556,-0.040021826,
489635052,0.9536623,0.08591582,-0.2855614,-0.040019136,
489640052,0.9536626,0.08591492,-0.28556097,-0.040017225,
489643897,0.9536628,0.08591462,-0.28556,-0.04001899,
489649051,0.9536624,0.08591227,-0.28556237,-0.040017173,
489654051,0.9536603,0.085919715,-0.28556666,-0.04001979,
489660052,0.95366013,0.08591495,-0.28556845,-0.040021457,
489665052,0.9536577,0.08591776,-0.28557554,-0.040023465,
489670052,0.9536578,0.08591236,-0.28557745,-0.04001808,
489675052,0.95365655,0.0859168,-0.2855801,-0.040019818,
489680052,0.9536559,0.08591651,-0.2855825,-0.040019058,
489683897,0.9536555,0.085918985,-0.28558353,-0.040016796,
489689051,0.9536566,0.08591325,-0.28558138,-0.04001621,
489694051,0.9536566,0.08591681,-0.28557983,-0.040020116,
489700052,0.9536577,0.08591509,-0.28557736,-0.04001551,
489705052,0.9536567,0.08591897,-0.28557947,-0.040016253,
489710052,0.9536563,0.0859188,-0.28558108,-0.040014274,
489715052,0.9536553,0.08592448,-0.28558218,-0.04001773,
489720052,0.95365524,0.0859233,-0.28558293,-0.04001488,
489723897,0.9536554,0.08592061,-0.28558323,-0.040016916,
489729051,0.9536547,0.085919484,-0.28558558,-0.040017515,
489734051,0.95365363,0.08592564,-0.2855873,-0.040019218,
489740052,0.95365536,0.08592415,-0.28558248,-0.04001547,
489745052,0.953653,0.08592898,-0.28558812,-0.0400201,
489750052,0.9536524,0.085925914,-0.2855919,-0.040015824,
489755052,0.9536509,0.08592946,-0.28559566,-0.04001623,
489760052,0.9536502,0.085928656,-0.2855986,-0.040014554,
489763897,0.95364994,0.08592758,-0.28560013,-0.040011175,
489769051,0.9536496,0.08592463,-0.28560236,-0.040008973,
489774051,0.9536476,0.08592717,-0.28560832,-0.040007632,
489780052,0.95364755,0.08592398,-0.2856099,-0.04000546,
489785052,0.9536471,0.08592661,-0.28561088,-0.040003702,
489790052,0.9536468,0.08592614,-0.2856126,-0.040000714,
489795052,0.9536457,0.08593363,-0.28561345,-0.040003605,
489800052,0.9536443,0.0859344,-0.28561848,-0.040000502,
489803897,0.9536431,0.08593026,-0.28562385,-0.04000002,
489809051,0.9536431,0.085929066,-0.2856243,-0.039998826,
489814051,0.9536419,0.08593455,-0.28562662,-0.039999094,
489820052,0.95364213,0.085935436,-0.28562516,-0.039999906,
489825052,0.95364183,0.08593857,-0.28562492,-0.04000236,
489830052,0.9536432,0.08593291,-0.28562242,-0.040001176,
489835052,0.953641,0.08593577,-0.28562805,-0.04000751,
489840052,0.953641,0.085932404,-0.28562894,-0.04000812,
489843900,0.9536406,0.0859312,-0.28563094,-0.040007602,
489849051,0.95364046,0.08592566,-0.28563294,-0.040006727,
489854051,0.95363855,0.08592971,-0.285638,-0.040007092,
489860052,0.9536377,0.085928224,-0.28564122,-0.04000564,
489865052,0.95363605,0.08593316,-0.28564495,-0.04000898,
489870052,0.95363593,0.08593155,-0.2856457,-0.040011276,
489875052,0.9536343,0.08594068,-0.28564823,-0.04001213,
489880052,0.9536342,0.085937634,-0.28565007,-0.040008813,
489883897,0.9536322,0.08593776,-0.28565592,-0.04001432,
489889051,0.95363253,0.08594038,-0.28565422,-0.040011797,
489894051,0.9536312,0.085944295,-0.2856571,-0.04001426,
489900052,0.9536317,0.08594331,-0.28565666,-0.040009584,
489905052,0.9536316,0.08594673,-0.28565583,-0.040009685,
489910052,0.9536324,0.085944206,-0.28565407,-0.04000816,
489915052,0.95363086,0.08595001,-0.28565705,-0.04001117,
489920052,0.95363075,0.08594913,-0.2856577,-0.04000934,
489923897,0.95363086,0.08594931,-0.2856577,-0.040007696,
489929051,0.95363116,0.0859487,-0.28565684,-0.040008448,
489934051,0.9536301,0.08595529,-0.28565902,-0.040003356,
489940052,0.95363027,0.08595131,-0.28565937,-0.040005226,
489945052,0.9536289,0.08595787,-0.2856617,-0.040007398,
489950052,0.9536289,0.085953385,-0.28566366,-0.040003415,
489955052,0.9536279,0.08595591,-0.2856659,-0.04000625,
489960052,0.9536276,0.08595168,-0.28566927,-0.03999895,
489963897,0.9536269,0.085956365,-0.2856703,-0.03999825,
489969051,0.9536272,0.085953794,-0.2856698,-0.039999064,
489974051,0.9536262,0.08595933,-0.2856713,-0.04000037,
489980052,0.95362663,0.08595818,-0.2856709,-0.039995186,
489985052,0.9536254,0.08595712,-0.28567484,-0.039999235,
489990052,0.9536267,0.08595598,-0.28567174,-0.039993286,
489995052,0.9536261,0.08595771,-0.28567308,-0.0399935,
490000052,0.9536256,0.085957184,-0.28567517,-0.039991114,
490003897,0.95362437,0.08595681,-0.28567925,-0.039993297,
490009051,0.9536241,0.085955724,-0.28568047,-0.039991565,
490014051,0.95362335,0.08595869,-0.2856825,-0.039990906,
490020053,0.9536228,0.08595432,-0.2856856,-0.03998976,
490025052,0.95362157,0.08596013,-0.28568816,-0.039989393,
490030052,0.95362216,0.08595671,-0.28568715,-0.039988194,
490035052,0.95362145,0.08596004,-0.28568834,-0.039989583,
490040052,0.95362246,0.0859584,-0.28568593,-0.039987743,
490043897,0.9536222,0.08596175,-0.28568518,-0.03999009,
490049051,0.9536219,0.08596294,-0.28568625,-0.03998767,
490054051,0.95362085,0.085965626,-0.2856888,-0.039989356,
490060052,0.953621,0.08596001,-0.28569013,-0.039989017,
490065052,0.95361936,0.08596463,-0.28569356,-0.039992977,
490070052,0.95361954,0.08596102,-0.28569448,-0.039990313,
490075052,0.9536185,0.085965574,-0.28569633,-0.039990827,
490080052,0.9536185,0.085965075,-0.2856969,-0.039987758,
490083897,0.9536193,0.085963674,-0.28569508,-0.03998589,
490089051,0.95361894,0.0859617,-0.2856973,-0.039982837,
490094051,0.95361805,0.08596512,-0.2856992,-0.039983697,
490100052,0.95361763,0.08596676,-0.28569978,-0.039984446,
490105052,0.9536159,0.08597402,-0.28570336,-0.039984833,
490110052,0.95361626,0.08597153,-0.2857038,-0.039978452,
490115052,0.95361555,0.08597832,-0.2857041,-0.03997984,
490120052,0.9536159,0.08597477,-0.28570423,-0.039978217,
490123897,0.95361406,0.08597602,-0.2857096,-0.039980005,
490129051,0.95361495,0.08597371,-0.2857081,-0.03997509,
490134051,0.95361274,0.08598229,-0.2857127,-0.039975718,
490140052,0.9536128,0.08597833,-0.28571412,-0.039972644,
490145052,0.9536113,0.085982345,-0.28571776,-0.03997458,
490150052,0.9536103,0.08598141,-0.28572157,-0.039974123,
490155052,0.9536093,0.08598628,-0.285723,-0.039977297,
490160053,0.95360935,0.08598448,-0.2857236,-0.039974064,
490163897,0.9536084,0.0859882,-0.2857254,-0.03997594,
490169051,0.95360726,0.085988574,-0.28572953,-0.039973997,
490174051,0.95360595,0.08599151,-0.28573275,-0.039975666,
490180052,0.9536068,0.08599115,-0.28573057,-0.039972343,
490185052,0.95360506,0.085996605,-0.28573477,-0.03997165,
490190052,0.95360607,0.08599111,-0.28573298,-0.039972693,
490195052,0.9536049,0.08599908,-0.2857344,-0.039973814,
490200052,0.9536045,0.08599829,-0.2857358,-0.039971445,
490203897,0.9536038,0.08599831,-0.2857385,-0.039970055,
490209051,0.9536035,0.08599672,-0.2857409,-0.039964113,
490214051,0.9536022,0.08599949,-0.28574413,-0.039965272,
490220052,0.95360214,0.08599893,-0.2857448,-0.03996446,
490225052,0.9536004,0.08600649,-0.2857479,-0.039967507,
490230052,0.9536007,0.086005144,-0.2857483,-0.039960776,
490235052,0.9536004,0.08600963,-0.2857475,-0.039962776,
490240052,0.9536006,0.08600971,-0.28574744,-0.039958365,
490243897,0.95360047,0.086009756,-0.28574786,-0.03995958,
490249051,0.9536001,0.08600755,-0.28574947,-0.039961565,
490254051,0.95359796,0.086007334,-0.2857562,-0.039965022,
490260052,0.95359874,0.08600661,-0.28575417,-0.03996293,
490265052,0.95359683,0.08600982,-0.2857592,-0.039964654,
490270052,0.9535971,0.0860056,-0.2857592,-0.039964896,
490275052,0.9535961,0.08600896,-0.2857612,-0.039968014,
490280052,0.95359564,0.086006254,-0.28576374,-0.03996744,
490283897,0.953595,0.08600748,-0.285766,-0.039965097,
490289051,0.9535942,0.08600585,-0.2857693,-0.039963134,
490294051,0.9535926,0.086008206,-0.28577423,-0.039961204,
490300052,0.9535916,0.08600697,-0.28577814,-0.03995973,
490305052,0.9535898,0.086010695,-0.2857826,-0.039962366,
490310052,0.95358884,0.086009614,-0.28578648,-0.039961398,
490315052,0.95358694,0.08601199,-0.28579143,-0.03996448,
490320052,0.95358676,0.08600858,-0.28579375,-0.039960757,
490323897,0.9535856,0.0860069,-0.2857975,-0.03996442,
490329051,0.95358527,0.08600567,-0.28579843,-0.039968845,
490334051,0.9535835,0.08600428,-0.28580436,-0.039970923,
490340052,0.9535836,0.08600145,-0.28580505,-0.0399708,
490345052,0.95358276,0.08600539,-0.28580636,-0.039972577,
490350052,0.9535832,0.08599907,-0.28580746,-0.039969087,
490355052,0.95358086,0.08600616,-0.28581297,-0.039968006,
490360052,0.95358104,0.08600421,-0.28581336,-0.039965913,
490363897,0.9535806,0.08600834,-0.28581345,-0.03996586,
490369051,0.953581,0.08600029,-0.2858152,-0.03996406,
490374051,0.95358056,0.08600412,-0.2858154,-0.039963,
490380052,0.9535805,0.086004905,-0.28581554,-0.039961737,
490385052,0.9535791,0.08600798,-0.28581873,-0.039963916,
490390052,0.95357925,0.0860065,-0.28581926,-0.0399617,
490395052,0.95357823,0.086011365,-0.285821,-0.03996323,
490400052,0.9535773,0.08601395,-0.28582314,-0.039963804,
490403897,0.9535765,0.08601241,-0.2858261,-0.039966255,
490409051,0.953575,0.08601263,-0.28583065,-0.039967176,
490414051,0.9535736,0.08601836,-0.28583363,-0.039967425,
490420052,0.95357245,0.086016916,-0.285838,-0.03996605,
490425052,0.9535713,0.08602104,-0.28584045,-0.039968416,
490430052,0.95357084,0.08601848,-0.28584224,-0.039971646,
490435052,0.9535693,0.086020984,-0.28584638,-0.039973516,
490440052,0.95356923,0.08601861,-0.28584766,-0.039971627,
490443897,0.9535691,0.08601865,-0.2858474,-0.03997614,
490449051,0.9535675,0.08601372,-0.28585455,-0.039973807,
490454051,0.95356643,0.08601573,-0.28585735,-0.039975725,
490460053,0.9535666,0.08601512,-0.28585687,-0.03997483,
490465052,0.95356494,0.08601839,-0.28586116,-0.039977595,
490470052,0.9535642,0.08601593,-0.28586438,-0.039977003,
490475052,0.9535625,0.08602334,-0.28586754,-0.039979544,
490480052,0.9535619,0.08601897,-0.28587136,-0.039975103,
490483897,0.9535612,0.086014554,-0.28587562,-0.039971273,
490489051,0.95356125,0.08601254,-0.2858764,-0.039969783,
490494051,0.9535598,0.08601676,-0.28587916,-0.03997325,
490500052,0.9535595,0.08601215,-0.28588164,-0.039972134,
490505052,0.95355815,0.08601969,-0.28588364,-0.039975103,
490510052,0.9535587,0.08601538,-0.28588367,-0.039972585,
490515052,0.95355725,0.08601608,-0.28588778,-0.03997667,
490520052,0.9535577,0.0860159,-0.28588632,-0.039975572,
490523897,0.95355797,0.08601461,-0.28588572,-0.03997655,
490529051,0.9535573,0.086013496,-0.28588846,-0.0399755,
490534051,0.95355624,0.08602084,-0.28588933,-0.039977882,
490540052,0.95355606,0.086019605,-0.28589055,-0.03997564,
490545052,0.9535548,0.0860239,-0.28589365,-0.03997522,
490550052,0.9535542,0.08602345,-0.28589576,-0.039975595,
490555052,0.95355153,0.08602734,-0.28590292,-0.03997951,
490560052,0.95355105,0.08602131,-0.28590629,-0.039979447,
490563897,0.9535501,0.08602587,-0.28590816,-0.039979964,
490569051,0.9535501,0.08602717,-0.28590772,-0.039979618,
490574051,0.9535484,0.086034805,-0.2859115,-0.039977115,
490580052,0.95354885,0.0860338,-0.2859104,-0.039975736,
490585052,0.9535478,0.08603634,-0.28591335,-0.03997528,
490590052,0.95354813,0.08603346,-0.2859132,-0.039973438,
490595052,0.9535472,0.08603652,-0.28591558,-0.039973892,
490600052,0.95354766,0.086034834,-0.28591433,-0.039974384,
490603897,0.95354784,0.08603452,-0.28591335,-0.039976146,
490609051,0.9535488,0.08603432,-0.28591046,-0.039976623,
490614051,0.9535473,0.086040206,-0.28591338,-0.03997738,
490620052,0.95354706,0.086034246,-0.28591594,-0.039978355,
490625052,0.95354575,0.08603522,-0.28591982,-0.039978445,
490630052,0.95354605,0.08603365,-0.28592,-0.039975114,
490635052,0.9535437,0.08604089,-0.2859258,-0.03997289,
490640052,0.9535431,0.08604142,-0.28592727,-0.03997571,
490643897,0.95354176,0.08604135,-0.28593192,-0.03997561,
490649051,0.95354116,0.0860391,-0.2859347,-0.039974913,
490654051,0.95353913,0.086044595,-0.28593963,-0.03997594,
490660052,0.9535389,0.08604313,-0.28594097,-0.039975446,
490665052,0.95353705,0.08604686,-0.2859458,-0.03997644,
490670052,0.95353687,0.08604578,-0.28594732,-0.03997306,
490675052,0.95353574,0.08604681,-0.28595048,-0.039974187,
490680052,0.95353675,0.08604238,-0.28594902,-0.039970476,
490683897,0.953536,0.08604353,-0.285951,-0.03997203,
490689051,0.95353556,0.08604503,-0.28595236,-0.03996897,
490694051,0.953533,0.086049125,-0.28595904,-0.03997279,
490700052,0.9535328,0.086047515,-0.2859604,-0.03997179,
490705052,0.9535314,0.086052865,-0.28596282,-0.039976567,
490710052,0.95353025,0.08605105,-0.28596735,-0.039976433,
490715052,0.9535287,0.086058214,-0.2859702,-0.039977346,
490720052,0.9535292,0.086054884,-0.28596956,-0.039977267,
490723897,0.9535273,0.08605628,-0.2859748,-0.03997956,
490729051,0.95352733,0.08605661,-0.28597546,-0.039975125,
490734051,0.9535267,0.08605367,-0.2859784,-0.03997465,
490740052,0.953527,0.08605141,-0.2859785,-0.039973184,
490745052,0.95352525,0.08606334,-0.28598073,-0.03997261,
490750053,0.95352536,0.08605823,-0.2859822,-0.039969888,
490755052,0.95352346,0.08606093,-0.28598744,-0.039972354,
490760053,0.95352364,0.0860595,-0.28598794,-0.03996788,
490763897,0.9535246,0.08605914,-0.2859844,-0.03997114,
490769051,0.9535231,0.08605622,-0.2859901,-0.039971426,
490774051,0.953522,0.086057104,-0.285994,-0.039968755,
490780052,0.95352143,0.086058155,-0.28599557,-0.039969195,
490785052,0.95352006,0.086062364,-0.285998,-0.039974317,
490790052,0.95351946,0.08605658,-0.28600168,-0.039975874,
490795052,0.9535193,0.086064145,-0.28600007,-0.039974093,
490800052,0.9535193,0.08606328,-0.28600046,-0.03997391,
490803897,0.9535179,0.086062215,-0.28600508,-0.039974667,
490809051,0.95351714,0.08606556,-0.286007,-0.039972767,
490814051,0.95351726,0.08607356,-0.2860045,-0.039970793,
490820053,0.95351607,0.08607091,-0.2860093,-0.039970376,
490825052,0.9535143,0.086077124,-0.28601328,-0.03997222,
490830052,0.95351434,0.08607466,-0.28601414,-0.039969206,
490835052,0.95351344,0.08608252,-0.28601414,-0.039974146,
490840053,0.95351356,0.086076215,-0.2860153,-0.03997567,
490843897,0.9535134,0.086077765,-0.28601557,-0.039975304,
490849051,0.95351356,0.08607815,-0.28601542,-0.03997191,
490854051,0.9535126,0.08608391,-0.28601682,-0.039971467,
490860052,0.9535123,0.08608028,-0.2860189,-0.039971136,
490865052,0.95351076,0.08608731,-0.2860221,-0.03996989,
490870052,0.95350975,0.086083524,-0.28602627,-0.039973117,
490875052,0.95350844,0.08608517,-0.2860303,-0.039971333,
490880052,0.95350814,0.086083725,-0.28603235,-0.039967556,
490883897,0.95350766,0.08608501,-0.28603384,-0.03996625,
490889051,0.95350885,0.08608379,-0.28603044,-0.03996421,
490894051,0.95350766,0.08608679,-0.28603327,-0.039965276,
490900052,0.95350635,0.08608791,-0.28603712,-0.039965868,
490905052,0.9535051,0.08608934,-0.2860405,-0.039969124,
490910052,0.9535045,0.08608627,-0.2860439,-0.03996649,
490915052,0.95350313,0.086090855,-0.2860465,-0.03996872,
490920052,0.9535034,0.08609372,-0.28604516,-0.039967827,
490923897,0.9535029,0.08609642,-0.28604543,-0.039972126,
490929051,0.9535031,0.08609899,-0.2860445,-0.03996857,
490934051,0.95350224,0.086102255,-0.2860454,-0.039973862,
490940052,0.95350206,0.0861005,-0.2860468,-0.039972357,
490945052,0.9535016,0.08610244,-0.28604767,-0.03997247,
490950052,0.9535015,0.08610023,-0.28604886,-0.039971083,
490955052,0.9534998,0.08610448,-0.28605315,-0.039972994,
490960052,0.9535,0.08610253,-0.28605345,-0.0399709,
490963897,0.9534994,0.086104415,-0.2860547,-0.03997162,
490969051,0.9534998,0.08610402,-0.2860534,-0.039972268,
490974051,0.9534991,0.086105846,-0.28605506,-0.039973594,
490980052,0.95349807,0.086103715,-0.28605893,-0.039975736,
490985052,0.95349634,0.08610721,-0.28606343,-0.039975103,
490990052,0.9534961,0.0861041,-0.28606537,-0.039974045,
490995052,0.9534939,0.08610818,-0.2860716,-0.03997449,
491000052,0.9534927,0.08610439,-0.28607643,-0.039974414,
491003897,0.9534928,0.0861063,-0.2860751,-0.039979387,
491009051,0.9534914,0.08610909,-0.28607938,-0.03997561,
491014051,0.95349044,0.08611251,-0.28608128,-0.03997647,
491020052,0.95349026,0.08611007,-0.28608263,-0.039976835,
491025052,0.9534901,0.086112596,-0.28608218,-0.039978903,
491030052,0.9534901,0.08611471,-0.28608182,-0.03997719,
491035052,0.9534889,0.086122006,-0.28608385,-0.039976887,
491040052,0.95348793,0.08612362,-0.28608638,-0.039976668,
491043897,0.95348835,0.08612526,-0.28608465,-0.039975002,
491049051,0.9534879,0.08612323,-0.28608692,-0.039974205,
491054051,0.9534863,0.086127244,-0.2860912,-0.039972845,
491060053,0.95348626,0.08612524,-0.28609228,-0.039969712,
491065052,0.9534846,0.0861292,-0.28609663,-0.03997061,
491070052,0.9534845,0.086129844,-0.28609785,-0.039963897,
491075052,0.953483,0.086134374,-0.28610092,-0.039966736,
491080052,0.9534825,0.08613288,-0.2861037,-0.039961908,
491083897,0.95348233,0.086132094,-0.2861044,-0.03996284,
491089051,0.95348173,0.086131655,-0.28610685,-0.039961565,
491094051,0.9534805,0.086137824,-0.28610963,-0.039958313,
491100052,0.9534816,0.086136095,-0.28610647,-0.039957,
491105052,0.95347995,0.08613921,-0.2861108,-0.039959256,
491110052,0.9534795,0.086135715,-0.28611284,-0.03995943,
491115052,0.9534795,0.086138315,-0.2861124,-0.039959244,
491120052,0.95347935,0.08613873,-0.28611338,-0.039955925,
491123897,0.95347863,0.0861392,-0.28611523,-0.03995935,
491129051,0.9534782,0.08614022,-0.28611633,-0.03995641,
491134051,0.9534774,0.08614629,-0.2861173,-0.03995863,
491140052,0.95347625,0.086144835,-0.2861217,-0.039957255,
491145052,0.9534745,0.086151116,-0.28612557,-0.039956845,
491150052,0.9534745,0.08614729,-0.28612694,-0.039954282,
491155052,0.95347434,0.08615351,-0.2861259,-0.039952956,
491160052,0.9534751,0.08615113,-0.2861245,-0.039950304,
491163897,0.95347476,0.08615165,-0.2861262,-0.039946456,
491169051,0.95347494,0.08615225,-0.28612593,-0.03994131,
491174051,0.9534736,0.08615496,-0.2861289,-0.039946377,
491180052,0.9534734,0.08615282,-0.28613013,-0.039947752,
491185052,0.9534722,0.086153485,-0.28613377,-0.039948463,
491190052,0.9534714,0.08615615,-0.2861359,-0.039946787,
491195052,0.95346963,0.086164765,-0.28613892,-0.039946716,
491200052,0.95347035,0.086162195,-0.28613797,-0.03994417,
491203897,0.95347005,0.08616767,-0.2861372,-0.03994532,
491209051,0.9534695,0.086163454,-0.2861403,-0.039944686,
491214051,0.95346785,0.08617093,-0.2861434,-0.039944965,
491220052,0.953467,0.08616908,-0.2861468,-0.039944757,
491225052,0.95346576,0.086173356,-0.28614947,-0.03994598,
491230052,0.95346594,0.0861739,-0.28614932,-0.03994309,
491235052,0.9534651,0.086182654,-0.2861493,-0.039944414,
491240052,0.95346624,0.086180925,-0.28614616,-0.039943106,
491243897,0.95346653,0.08618415,-0.28614396,-0.03994426,
491249051,0.9534666,0.086183794,-0.2861441,-0.03994334,
491254051,0.95346594,0.08618568,-0.28614575,-0.039942417,
491260052,0.9534667,0.08618429,-0.28614363,-0.0399422,
491265052,0.9534654,0.08619167,-0.2861453,-0.039946306,
491270052,0.95346516,0.086192235,-0.28614625,-0.039943494,
491275052,0.953464,0.08619589,-0.28614882,-0.03994433,
491280052,0.9534637,0.086193405,-0.28615093,-0.03994366,
491283897,0.95346427,0.086191565,-0.28614867,-0.039948583,
491289051,0.95346355,0.08619127,-0.28615108,-0.03994782,
491294051,0.95346236,0.086199544,-0.2861528,-0.03994831,
491300052,0.9534626,0.08620015,-0.28615218,-0.03994481,
491305052,0.95346105,0.08620995,-0.28615376,-0.03994873,
491310052,0.9534609,0.086207375,-0.2861555,-0.039946947,
491315052,0.9534599,0.08621343,-0.28615683,-0.039947517,
491320052,0.95346135,0.08621497,-0.28615168,-0.039945614,
491323897,0.95346093,0.08620925,-0.2861546,-0.03994822,
491329051,0.9534601,0.08620213,-0.28615984,-0.03994529,
491334051,0.9534587,0.08620951,-0.2861619,-0.03994775,
491340053,0.953459,0.0862083,-0.28616157,-0.03994482,
491345052,0.95345765,0.086210184,-0.2861652,-0.039947953,
491350052,0.9534569,0.08621006,-0.2861683,-0.039944407,
491355052,0.9534558,0.086216584,-0.28617018,-0.03994321,
491360052,0.9534569,0.08621115,-0.28616834,-0.039942004,
491363897,0.9534566,0.086207956,-0.28616995,-0.03994485,
491369051,0.95345527,0.0862136,-0.2861732,-0.039940685,
491374051,0.95345336,0.08621832,-0.28617805,-0.039940823,
491380052,0.95345354,0.08621253,-0.2861794,-0.03993997,
491385052,0.9534523,0.086218,-0.28618163,-0.039940234,
491390052,0.9534517,0.08621637,-0.28618422,-0.039941568,
491395052,0.9534509,0.08621473,-0.28618714,-0.03994125,
491400052,0.9534513,0.08621066,-0.2861875,-0.03994036,
491403897,0.95345026,0.08620859,-0.286191,-0.039941896,
491409051,0.95344967,0.08620898,-0.2861932,-0.039940916,
491414051,0.953449,0.08621349,-0.28619355,-0.03994299,
491420052,0.95344824,0.08620931,-0.28619742,-0.03994409,
491425052,0.95344776,0.08621585,-0.2861967,-0.039947145,
491430053,0.9534474,0.08620892,-0.28620034,-0.03994404,
491435052,0.95344454,0.086212285,-0.2862087,-0.039943747,
491440052,0.9534442,0.08621695,-0.28620932,-0.03993967,
491443897,0.9534438,0.086212635,-0.28621167,-0.039939564,
491449051,0.95344365,0.08621156,-0.2862132,-0.03993619,
491454051,0.95344204,0.08621701,-0.28621665,-0.039938793,
491460052,0.9534408,0.08621287,-0.286222,-0.039938316,
491465052,0.95343965,0.0862154,-0.28622493,-0.03993785,
491470052,0.9534394,0.08621327,-0.2862265,-0.039937586,
491475052,0.9534384,0.08621633,-0.2862289,-0.039938033,
491480052,0.9534375,0.08621343,-0.28623265,-0.039939284,
491483897,0.95343757,0.0862114,-0.28623235,-0.039942734,
491489051,0.95343757,0.086210884,-0.2862329,-0.03993966,
491494051,0.9534365,0.08621373,-0.28623575,-0.03994022,
491500053,0.9534371,0.08620918,-0.2862358,-0.039934434,
491505052,0.953435,0.08621069,-0.2862429,-0.03993126,
491510052,0.9534358,0.08620966,-0.28624126,-0.03992651,
491515052,0.9534353,0.08621358,-0.28624147,-0.03992821,
491520053,0.9534348,0.086215235,-0.2862431,-0.039924014,
491523897,0.9534348,0.08622217,-0.2862407,-0.039925143,
491529051,0.95343494,0.08621686,-0.28624228,-0.039924175,
491534051,0.9534345,0.08622263,-0.28624174,-0.03992469,
491540052,0.9534333,0.086223304,-0.28624612,-0.039922114,
491545052,0.95343065,0.08622554,-0.28625378,-0.039925456,
491550052,0.9534302,0.086222515,-0.2862564,-0.039923865,
491555052,0.95342916,0.0862249,-0.28625903,-0.039924543,
491560052,0.9534292,0.08621877,-0.2862612,-0.039921634,
491563897,0.9534292,0.08621804,-0.2862608,-0.039925247,
491569051,0.9534302,0.08621722,-0.28625804,-0.03992369,
491574051,0.9534285,0.08622462,-0.2862612,-0.039926227,
491580052,0.9534279,0.086221695,-0.28626385,-0.039927397,
491585052,0.95342714,0.086223505,-0.28626522,-0.039930373,
491590052,0.95342743,0.086221784,-0.28626546,-0.039926536,
491595052,0.9534258,0.08622844,-0.2862685,-0.03992818,
491600052,0.95342517,0.08622851,-0.2862707,-0.03992617,
491603897,0.95342386,0.08623244,-0.286274,-0.03992699,
491609051,0.9534232,0.08623049,-0.28627738,-0.039924014,
491614051,0.9534221,0.08623483,-0.28627935,-0.039926276,
491620052,0.95342183,0.08623667,-0.28627944,-0.039926916,
491625052,0.95342183,0.08624115,-0.2862786,-0.039923903,
491630052,0.9534224,0.08624134,-0.2862763,-0.03992486,
491635052,0.95342064,0.08624326,-0.28628102,-0.039928067,
491640052,0.95342064,0.08624239,-0.28628173,-0.03992624,
491643897,0.9534208,0.0862464,-0.28628,-0.039926644,
491649051,0.95342153,0.086241685,-0.28627938,-0.03992364,
491654051,0.9534205,0.08624624,-0.28628123,-0.03992415,
491660053,0.9534207,0.08624677,-0.28628102,-0.03992126,
491665052,0.95341915,0.08625064,-0.28628537,-0.03991939,
491670052,0.9534189,0.08625301,-0.28628528,-0.039919302,
491675052,0.9534175,0.08625837,-0.28628808,-0.039922435,
491680053,0.9534171,0.08625842,-0.2862899,-0.039917056,
491683897,0.95341635,0.08625701,-0.28629243,-0.039921656,
491689051,0.9534167,0.08625285,-0.2862931,-0.03991635,
491694051,0.95341456,0.086261794,-0.2862975,-0.039915726,
491700052,0.9534145,0.08625989,-0.286299,-0.039913714,
491705052,0.95341223,0.08626515,-0.28630435,-0.039914843,
491710052,0.9534128,0.08626498,-0.28630295,-0.039913747,
491715052,0.95341057,0.08627191,-0.28630814,-0.0399138,
491720052,0.95341086,0.08626734,-0.28630868,-0.039913647,
491723897,0.95341045,0.08626801,-0.28631034,-0.03991031,
491729051,0.95341074,0.08626777,-0.28630963,-0.039908174,
491734051,0.95341045,0.08627641,-0.28630808,-0.0399083,
491740052,0.9534094,0.08627375,-0.28631184,-0.039912827,
491745052,0.9534071,0.086278655,-0.28631774,-0.03991355,
491750052,0.9534087,0.0862771,-0.28631335,-0.03991041,
491755052,0.95340735,0.08627747,-0.28631717,-0.039915133,
491760052,0.95340633,0.086276755,-0.2863209,-0.039912928,
491763897,0.95340616,0.08628064,-0.28632098,-0.03990961,
491769051,0.95340616,0.08627698,-0.28632262,-0.039905906,
491774051,0.9534043,0.086279355,-0.28632757,-0.039908994,
491780052,0.95340484,0.08627858,-0.28632632,-0.039905865,
491785052,0.9534044,0.08628316,-0.28632626,-0.039907336,
491790052,0.95340526,0.08627762,-0.28632522,-0.039907344,
491795052,0.9534034,0.0862873,-0.28632793,-0.039910834,
491800052,0.95340353,0.0862827,-0.28632882,-0.039909024,
491803897,0.9534035,0.08627912,-0.2863302,-0.03990974,
491809051,0.9534043,0.08627306,-0.2863294,-0.03991048,
491814051,0.9534027,0.08627872,-0.28633276,-0.03991133,
491820052,0.953402,0.08627859,-0.2863355,-0.039909426,
491825052,0.95340055,0.086284615,-0.28633803,-0.039912328,
491830052,0.95340025,0.086282484,-0.28633958,-0.03991206,
491835052,0.9533987,0.086286485,-0.28634351,-0.039912343,
491840052,0.9533985,0.08628659,-0.28634423,-0.03990965,
491843897,0.95339876,0.08628481,-0.28634453,-0.039908066,
491849051,0.9533983,0.08628646,-0.2863462,-0.03990387,
491854051,0.9533964,0.08629118,-0.28635103,-0.039904006,
491860052,0.9533967,0.086289905,-0.2863504,-0.039904978,
491865052,0.953396,0.086294726,-0.28635067,-0.039908074,
491870052,0.953397,0.08629075,-0.28634867,-0.039907534,
491875052,0.9533947,0.08629385,-0.28635526,-0.03990719,
491880052,0.9533953,0.0862939,-0.28635406,-0.039902706,
491883897,0.95339274,0.086298,-0.2863607,-0.039906513,
491889051,0.9533926,0.086295255,-0.2863621,-0.039905865,
491894051,0.95339185,0.08630024,-0.286363,-0.039906174,
491900052,0.953393,0.08629549,-0.2863606,-0.03990639,
491905052,0.9533925,0.08630257,-0.2863604,-0.039905425,
491910052,0.95339274,0.08629813,-0.2863609,-0.03990577,
491915052,0.9533902,0.086306736,-0.28636622,-0.039908115,
491920052,0.9533904,0.086301856,-0.2863676,-0.039903644,
491923897,0.95339084,0.086302444,-0.28636596,-0.03990509,
491929051,0.9533909,0.08630262,-0.28636596,-0.039903443,
491934051,0.9533898,0.086305,-0.2863686,-0.03990412,
491940052,0.9533899,0.08630202,-0.28636974,-0.03990185,
491945052,0.95338815,0.086307764,-0.28637314,-0.03990546,
491950052,0.95338815,0.08630577,-0.28637424,-0.039902333,
491955052,0.953387,0.08631124,-0.28637618,-0.039904248,
491960052,0.95338726,0.086311325,-0.28637576,-0.039901484,
491963897,0.953387,0.086308055,-0.28637773,-0.03989992,
491969051,0.95338684,0.086302675,-0.28638005,-0.039897908,
491974051,0.9533861,0.0863088,-0.28638065,-0.03989952,
491980052,0.95338476,0.08631039,-0.28638405,-0.03990329,
491985052,0.95338404,0.086314395,-0.2863853,-0.039902806,
491990053,0.953385,0.086309426,-0.286384,-0.03989983,
491995052,0.9533837,0.08631123,-0.28638792,-0.039898552,
492000052,0.95338345,0.08631144,-0.28638902,-0.03989698,
492003897,0.9533823,0.08631148,-0.2863932,-0.03989402,
492009051,0.9533835,0.0863141,-0.2863892,-0.03988908,
492014051,0.9533828,0.086315766,-0.28639096,-0.039889902,
492020052,0.95338386,0.086315684,-0.28638792,-0.039885864,
492025052,0.95338154,0.08631924,-0.28639433,-0.039887037,
492030052,0.9533805,0.08631446,-0.28639916,-0.039887823,
492035052,0.9533784,0.08632025,-0.28640437,-0.039888218,
492040052,0.95337784,0.0863192,-0.2864067,-0.039886564,
492043897,0.9533774,0.086323865,-0.28640765,-0.039880846,
492049051,0.95337653,0.08632682,-0.28640965,-0.03988018,
492054051,0.95337576,0.08633114,-0.2864112,-0.03987907,
492060052,0.9533766,0.086329274,-0.2864092,-0.03987733,
492065052,0.9533749,0.08633555,-0.28641275,-0.039878566,
492070052,0.9533746,0.08633177,-0.28641525,-0.039876085,
492075052,0.9533731,0.08633577,-0.2864185,-0.039879665,
492080052,0.9533744,0.08633275,-0.28641543,-0.039878197,
492083897,0.9533731,0.086329885,-0.28642032,-0.03987953,
492089051,0.9533738,0.08632721,-0.2864197,-0.03987256,
492094051,0.9533725,0.08633195,-0.28642264,-0.03987366,
492100052,0.95337313,0.08633033,-0.28642133,-0.039871894,
492105052,0.95337194,0.08633452,-0.286424,-0.039870344,
492110052,0.9533722,0.086330675,-0.2864253,-0.039862767,
492115052,0.9533711,0.08633299,-0.286428,-0.0398657,
492120052,0.95337194,0.086332485,-0.2864255,-0.03986351,
492123897,0.9533715,0.0863339,-0.28642625,-0.039866,
492129051,0.9533706,0.08633288,-0.28643006,-0.039862774,
492134051,0.953371,0.08633776,-0.28642687,-0.039866142,
492140052,0.95337033,0.08633768,-0.2864288,-0.039865274,
492145052,0.95336753,0.086342484,-0.28643638,-0.039868943,
492150052,0.95336765,0.08634204,-0.2864365,-0.039865263,
492155052,0.9533676,0.08634727,-0.2864351,-0.039866433,
492160052,0.95336646,0.08634831,-0.2864393,-0.039862614,
492163897,0.95336527,0.08634634,-0.28644383,-0.039861973,
492169051,0.95336515,0.08634675,-0.28644377,-0.039863594,
492174051,0.9533654,0.08634964,-0.2864424,-0.0398627,
492180053,0.9533646,0.08634845,-0.28644484,-0.039865553,
492185052,0.9533629,0.08635617,-0.28644788,-0.039869104,
492190052,0.9533625,0.08635149,-0.28645042,-0.039870244,
492195052,0.9533609,0.08635813,-0.28645346,-0.039871886,
492200052,0.9533615,0.08635568,-0.2864524,-0.039869837,
492203897,0.95335996,0.08635449,-0.28645718,-0.03987511,
492209051,0.9533597,0.086353496,-0.28645837,-0.039876144,
492214051,0.9533591,0.086357035,-0.28645906,-0.039877437,
492220052,0.9533592,0.086353056,-0.2864601,-0.039876018,
492225052,0.9533583,0.08635933,-0.28646132,-0.039874837,
492230052,0.9533575,0.0863595,-0.28646395,-0.039873954,
492235052,0.95335543,0.086362295,-0.28646994,-0.039875887,
492240052,0.9533566,0.08635919,-0.28646657,-0.039878316,
492243897,0.9533556,0.08636412,-0.28646863,-0.03987594,
492249051,0.95335627,0.08636219,-0.28646705,-0.039874803,
492254051,0.95335466,0.086366825,-0.28647086,-0.039877124,
492260053,0.953355,0.086362295,-0.286471,-0.039876357,
492265052,0.95335335,0.08636805,-0.28647473,-0.039878324,
492270052,0.95335317,0.08636666,-0.2864763,-0.03987393,
492275052,0.9533512,0.08637018,-0.2864813,-0.039876673,
492280052,0.9533514,0.08636771,-0.28648183,-0.039875317,
492283897,0.9533499,0.08637157,-0.28648546,-0.03987674,
492289051,0.9533497,0.08637365,-0.28648594,-0.03987399,
492294051,0.9533491,0.08637823,-0.2864866,-0.03987217,
492300053,0.9533494,0.0863762,-0.28648722,-0.039865665,
492305052,0.95334786,0.086380206,-0.2864908,-0.0398676,
492310052,0.95334744,0.08637703,-0.28649345,-0.0398655,
492315052,0.953346,0.086381555,-0.28649685,-0.0398667,
492320052,0.95334595,0.086381204,-0.28649732,-0.039864134,
492323897,0.9533442,0.08637869,-0.286504,-0.039863262,
492329051,0.95334363,0.08637479,-0.28650698,-0.039863646,
492334051,0.95334214,0.08638233,-0.28650966,-0.039863314,
492340052,0.9533424,0.086381875,-0.2865091,-0.03986293,
492345052,0.9533409,0.08638453,-0.2865128,-0.039866954,
492350052,0.9533416,0.08638298,-0.28651103,-0.039864577,
492355052,0.9533404,0.086388245,-0.2865131,-0.03986824,
492360052,0.9533398,0.08638538,-0.28651598,-0.039865505,
492363897,0.95333946,0.08638598,-0.28651705,-0.039867718,
492369051,0.9533388,0.08638855,-0.28651878,-0.039864924,
492374051,0.9533374,0.086395256,-0.28652138,-0.039865956,
492380052,0.9533376,0.086393304,-0.286521,-0.039867155,
492385052,0.95333624,0.08639933,-0.2865235,-0.039870057,
492390052,0.9533358,0.08640067,-0.2865249,-0.03986649,
492395052,0.95333475,0.08640501,-0.28652686,-0.039868746,
492400053,0.95333385,0.08640669,-0.28653002,-0.039862983,
492403897,0.9533325,0.086409934,-0.28653386,-0.03986238,
492409051,0.9533319,0.08640671,-0.28653732,-0.039859246,
492414051,0.95332956,0.08641026,-0.2865434,-0.03986207,
492420052,0.9533289,0.086406514,-0.28654706,-0.039859667,
492425052,0.9533268,0.08641313,-0.28655165,-0.039862,
492430052,0.95332646,0.08641063,-0.2865537,-0.03986132,
492435052,0.9533246,0.08641881,-0.28655666,-0.03986639,
492440052,0.9533241,0.086418875,-0.28655824,-0.039867684,
492443897,0.95332336,0.086416095,-0.2865619,-0.03986443,
492449051,0.9533237,0.08641571,-0.28656092,-0.039863434,
492454051,0.95332223,0.086419635,-0.2865652,-0.03985931,
492460052,0.953322,0.086418845,-0.28656626,-0.03985859,
492465052,0.9533211,0.08642257,-0.2865677,-0.039862107,
492470052,0.95332164,0.08641992,-0.28656745,-0.039858513,
492475052,0.9533207,0.086422,-0.28656986,-0.039859824,
492480052,0.9533184,0.08642193,-0.28657687,-0.039862137,
492483897,0.9533179,0.08641952,-0.28657898,-0.03986423,
492489051,0.9533178,0.08642001,-0.2865799,-0.039858654,
492494051,0.953317,0.08642259,-0.2865817,-0.03986088,
492500053,0.95331675,0.0864188,-0.28658354,-0.039861694,
492505052,0.95331603,0.08642543,-0.28658321,-0.039865863,
492510052,0.95331603,0.08642507,-0.28658336,-0.039864942,
492515052,0.95331466,0.086427934,-0.28658664,-0.03986886,
492520052,0.9533147,0.08642411,-0.286588,-0.039866302,
492523897,0.9533139,0.086425275,-0.28659067,-0.039864562,
492529051,0.95331484,0.08642114,-0.28658876,-0.03986352,
492534051,0.95331365,0.08642391,-0.28659165,-0.039866325,
492540052,0.95331335,0.08642231,-0.2865934,-0.039863683,
492545052,0.95331204,0.08642622,-0.2865959,-0.03986779,
492550052,0.95331156,0.08642367,-0.28659844,-0.03986773,
492555052,0.95331025,0.08642961,-0.28660095,-0.03986787,
492560052,0.9533108,0.08642198,-0.28660145,-0.039867517,
492563897,0.9533097,0.086424895,-0.28660458,-0.039864164,
492569051,0.95330966,0.086428314,-0.28660414,-0.03986261,
492574051,0.9533085,0.08643566,-0.28660572,-0.039861694,
492580052,0.95330757,0.08643112,-0.28661048,-0.03986074,
492585052,0.9533066,0.08643605,-0.28661254,-0.039858364,
492590052,0.9533062,0.086432725,-0.28661525,-0.03985576,
492595052,0.9533051,0.08643496,-0.2866183,-0.03985428,
492600052,0.95330584,0.08643123,-0.28661737,-0.039852075,
492603897,0.9533046,0.086435355,-0.2866205,-0.039851144,
492609051,0.9533041,0.08643219,-0.28662354,-0.0398474,
492614051,0.9533031,0.086436056,-0.28662524,-0.03984978,
492620052,0.95330215,0.08643535,-0.28662863,-0.039849225,
492625052,0.9533002,0.08643797,-0.28663322,-0.03985723,
492630052,0.9532992,0.0864336,-0.2866383,-0.039855137,
492635052,0.9532977,0.08643993,-0.2866411,-0.03985741,
492640052,0.9532974,0.086443156,-0.2866418,-0.039852664,
492643897,0.95329666,0.08644001,-0.28664494,-0.039853938,
492649051,0.95329714,0.0864384,-0.2866443,-0.039848875,
492654051,0.95329624,0.086441465,-0.28664637,-0.039850976,
492660052,0.95329577,0.08643927,-0.2866483,-0.03985131,
492665052,0.95329475,0.08644045,-0.28665107,-0.039854597,
492670052,0.9532941,0.086440384,-0.2866541,-0.039848797,
492675052,0.95329356,0.08644693,-0.28665376,-0.039850205,
492680052,0.95329255,0.086446755,-0.28665796,-0.039843973,
492683897,0.9532909,0.086446546,-0.28666306,-0.039846733,
492689051,0.95329064,0.08644593,-0.28666446,-0.03984488,
492694051,0.9532899,0.08644745,-0.28666624,-0.0398452,
492700052,0.95328933,0.08644453,-0.28666925,-0.039844725,
492705052,0.9532887,0.086449206,-0.28666955,-0.03984731,
492710052,0.95328885,0.08644961,-0.28666976,-0.039842274,
492715052,0.9532882,0.086451955,-0.28667054,-0.03984616,
492720052,0.95328814,0.08645206,-0.28667086,-0.03984512,
492723897,0.95328724,0.086454354,-0.2866735,-0.039843034,
492729051,0.9532872,0.08645467,-0.28667372,-0.039840236,
492734052,0.95328605,0.08645729,-0.28667635,-0.039844185,
492740052,0.95328575,0.086455,-0.2866783,-0.039841767,
492745052,0.95328486,0.086458944,-0.28668037,-0.039840247,
492750052,0.95328397,0.08645409,-0.28668487,-0.039839923,
492755052,0.9532809,0.08645869,-0.28669322,-0.03984204,
492760052,0.95328206,0.08645778,-0.28669012,-0.03983937,
492763897,0.953281,0.08645647,-0.28669375,-0.039841793,
492769051,0.9532812,0.08645189,-0.28669468,-0.03983999,
492774051,0.953279,0.08646092,-0.2866988,-0.039843775,
492780052,0.9532793,0.08646046,-0.28669754,-0.03984668,
492785052,0.9532776,0.08646089,-0.28670216,-0.039853133,
492790052,0.95327723,0.08646087,-0.28670368,-0.039851658,
492795052,0.9532766,0.0864697,-0.2867029,-0.03985402,
492800052,0.95327693,0.08646999,-0.28670168,-0.0398528,
492803897,0.95327693,0.086468436,-0.28670195,-0.039854486,
492809051,0.9532766,0.08646729,-0.2867039,-0.039851718,
492814051,0.953276,0.08647332,-0.28670377,-0.039853856,
492820052,0.9532758,0.08646757,-0.2867062,-0.039853085,
492825052,0.9532742,0.08647407,-0.28670964,-0.03985257,
492830052,0.9532728,0.086479336,-0.2867131,-0.039849643,
492835052,0.95327187,0.08648275,-0.28671494,-0.0398505,
492840052,0.9532722,0.08648102,-0.28671446,-0.039849952,
492843897,0.9532702,0.08648733,-0.2867191,-0.03985126,
492849051,0.9532699,0.08649023,-0.28671992,-0.039845496,
492854051,0.9532682,0.08649567,-0.28672373,-0.039846443,
492860052,0.953268,0.086492926,-0.28672588,-0.039842498,
492865052,0.9532667,0.0864982,-0.2867286,-0.039842863,
492870052,0.9532676,0.08649453,-0.28672725,-0.03984005,
492875052,0.9532667,0.08650043,-0.28672823,-0.03984176,
492880053,0.95326644,0.08649701,-0.28673023,-0.03983969,
492923897,0.95326316,0.08649605,-0.28674135,-0.039841007,
492929051,0.95326287,0.08649857,-0.28674158,-0.039839774,
492934051,0.9532624,1.53e-43,0.08650017,-0.2867423,
3173200063,2.986695e-21,0.953263,0.08649938,-0.28674102,
3173199590,2.9877045e-21,0.9532616,0.086504266,-0.28674355,
3173200463,2.9887142e-21,0.9532622,0.08650049,-0.28674343,
492883897,0.95326585,0.08649755,-0.28673202,-0.039840866,
492889051,0.9532655,0.08649639,-0.2867336,-0.039839745,
3173199593,2.989724e-21,0.95326036,0.08650639,-0.2867475,
3173199815,2.9907337e-21,0.9532601,0.086506285,-0.28674865,
492894051,0.95326376,0.08650101,-0.2867377,-0.03984041,
492900052,0.9532643,0.08649805,-0.28673723,-0.03983745,
492905052,0.95326346,0.08650065,-0.28673905,-0.039839674,
492910052,0.9532632,0.08649754,-0.28674132,-0.039836973,
492915052,0.95326215,0.08649992,-0.28674364,-0.039839294,
492920052,0.9532626,0.08649508,-0.28674346,-0.039839156,
492963897,0.95325994,0.08650535,-0.28674978,-0.03983668,
492969051,0.95325965,0.086506754,-0.2867508,-0.039832503,
492974051,0.9532588,0.0865092,-0.2867523,-0.039835867,
492980052,0.9532585,0.086508214,-0.28675386,-0.039835252,
492985052,0.95325774,0.086514026,-0.28675485,-0.039834194,
492990052,0.9532585,0.08651036,-0.28675422,-0.039828084,
492995052,0.95325667,0.08651508,-0.2867587,-0.03982987,
493000052,0.95325696,0.08651153,-0.2867588,-0.039828245,
493003897,0.95325613,0.08651314,-0.28676102,-0.03982968,
493009051,0.95325595,0.086513706,-0.28676194,-0.03982687,
493014051,0.95325464,0.08651747,-0.28676483,-0.03982882,
493020052,0.95325494,0.08651408,-0.28676528,-0.039826058,
493025052,0.95325357,0.086517096,-0.2867682,-0.039832138,
493030052,0.9532538,0.08651273,-0.28676903,-0.03982859,
493035052,0.95325285,0.086515106,-0.2867713,-0.039830912,
493040052,0.9532524,0.0865129,-0.28677362,-0.0398296,
493043897,0.95325196,0.08651137,-0.28677565,-0.039828066,
493049051,0.9532522,0.08650942,-0.28677562,-0.03982762,
493054051,0.9532508,0.08651551,-0.28677806,-0.039828263,
493060052,0.9532511,0.086513095,-0.28677785,-0.039827943,
493065052,0.9532502,0.08651968,-0.28677934,-0.039826136,
493070052,0.9532518,0.086518265,-0.28677484,-0.039823502,
493075052,0.9532499,0.08652299,-0.28678,-0.039821986,
493080052,0.9532497,0.08652175,-0.28678122,-0.039819747,
493083897,0.9532488,0.08652006,-0.28678456,-0.039820045,
493089051,0.9532487,0.08651815,-0.28678572,-0.039819684,
493094051,0.953248,0.0865202,-0.28678766,-0.03981762,
493100052,0.95324767,0.08651958,-0.28678977,-0.039812468,
493105052,0.95324636,0.08652468,-0.28679222,-0.039813973,
493110052,0.95324576,0.08652477,-0.28679448,-0.039811973,
493115052,0.95324457,0.0865304,-0.2867967,-0.03981274,
493120052,0.9532452,0.0865278,-0.28679496,-0.03981348,
493123897,0.953244,0.08652742,-0.286799,-0.03981566,
493129051,0.95324296,0.086529344,-0.28680217,-0.039813165,
493134051,0.9532425,0.08653077,-0.28680325,-0.039814007,
493140052,0.9532428,0.08653137,-0.28680265,-0.03981051,
493145052,0.95324194,0.08653516,-0.28680402,-0.039811775,
493150052,0.9532416,0.086535305,-0.28680515,-0.03981246,
493155052,0.95324117,0.08654454,-0.28680342,-0.039814614,
493160052,0.95324117,0.08654253,-0.28680417,-0.03981313,
493163897,0.95323926,0.086549215,-0.28680834,-0.03981485,
493169051,0.95323896,0.08654738,-0.2868098,-0.039815597,
493174051,0.9532382,0.086551994,-0.2868109,-0.039817143,
493180053,0.95323735,0.08654854,-0.28681478,-0.03981411,
493185052,0.9532366,0.08655368,-0.28681603,-0.03981328,
493190052,0.95323634,0.08655177,-0.28681782,-0.03980962,
493195052,0.95323527,0.08655575,-0.28681993,-0.039813112,
493200052,0.95323616,0.086552225,-0.28681782,-0.039814096,
493203897,0.95323604,0.08655128,-0.28681824,-0.039816163,
493209051,0.95323634,0.08655074,-0.28681764,-0.039813012,
493214051,0.95323485,0.08655641,-0.2868207,-0.03981551,
493220053,0.95323426,0.086554006,-0.28682354,-0.03981431,
493225052,0.95323306,0.08655415,-0.28682706,-0.039817408,
493230052,0.9532336,0.08655615,-0.28682518,-0.0398145,
493235052,0.9532328,0.086560614,-0.2868263,-0.03981554,
493240052,0.9532328,0.08655958,-0.28682634,-0.039816488,
493243900,0.95323235,0.086559564,-0.28682825,-0.03981337,
493249051,0.95323217,0.08655682,-0.28683037,-0.039809424,
493254051,0.95323014,0.086562,-0.28683543,-0.039809436,
493260052,0.95323026,0.08655885,-0.2868362,-0.0398083,
493265052,0.9532289,0.0865651,-0.2868393,-0.039806157,
493270052,0.953229,0.08656149,-0.28683987,-0.03980514,
493275052,0.9532271,0.08656516,-0.28684443,-0.039810035,
493280052,0.95322746,0.08656282,-0.2868445,-0.03980582,
493283897,0.953227,0.08656424,-0.2868456,-0.039806664,
493289051,0.95322627,0.08656825,-0.28684694,-0.039806187,
493294051,0.95322543,0.08657101,-0.2868484,-0.03981056,
493300052,0.95322543,0.08657081,-0.2868485,-0.03981015,
493305052,0.95322424,0.086574934,-0.28685087,-0.03981251,
493310052,0.9532248,0.086574815,-0.286849,-0.039810803,
493315052,0.953224,0.08657861,-0.2868504,-0.03981207,
493320053,0.95322347,0.08657589,-0.28685293,-0.03981149,
493323897,0.95322186,0.0865745,-0.28685817,-0.03981686,
493329051,0.9532212,0.086570285,-0.28686196,-0.039812934,
493334051,0.9532197,0.08657346,-0.2868655,-0.039816227,
493340052,0.9532191,0.0865737,-0.2868681,-0.039813094,
493345052,0.95321804,0.08658383,-0.28686836,-0.039815683,
493350052,0.9532184,0.08658299,-0.2868679,-0.03981151,
493355052,0.9532177,0.08658633,-0.28686944,-0.039811257,
493360052,0.953218,0.08658331,-0.28686973,-0.039807256,
493363897,0.9532174,0.08658536,-0.28687102,-0.03980848,
493369051,0.95321625,0.08658391,-0.2868754,-0.039807104,
493374051,0.95321494,0.0865873,-0.2868781,-0.039811943,
493380052,0.9532154,0.086583495,-0.28687757,-0.03981034,
493385052,0.953214,0.08658585,-0.2868811,-0.039814997,
493390052,0.9532143,0.086579606,-0.28688225,-0.039814282,
493395052,0.953213,0.08658636,-0.2868844,-0.039814703,
493400053,0.95321417,0.08658433,-0.28688136,-0.03981238,
493403897,0.9532134,0.08658699,-0.2868835,-0.039810702,
493409051,0.95321274,0.08658624,-0.28688642,-0.039806772,
493414051,0.953212,0.08658723,-0.28688806,-0.039809465,
493420053,0.95321226,0.08658942,-0.28688657,-0.039810438,
493425052,0.95321155,0.08659342,-0.2868875,-0.039811604,
493430052,0.95321155,0.08659005,-0.2868884,-0.03981221,
493435052,0.95320916,0.086593255,-0.286895,-0.03981463,
493440052,0.9532098,0.08659118,-0.28689384,-0.03981134,
493443897,0.95320916,0.08659232,-0.28689507,-0.039816182,
493449051,0.9532088,0.086592145,-0.28689668,-0.039814204,
493454051,0.95320696,0.086593695,-0.2869016,-0.03981866,
493460053,0.9532067,0.08658962,-0.28690422,-0.03981517,
493465052,0.95320505,0.08659371,-0.28690782,-0.03981986,
493470052,0.9532059,0.08659434,-0.28690568,-0.03981568,
493475052,0.9532047,0.08659854,-0.2869084,-0.039814137,
493480052,0.9532059,0.08659716,-0.28690538,-0.039809935,
493483897,0.9532062,0.086596556,-0.28690416,-0.039812338,
493489051,0.9532066,0.086598344,-0.28690276,-0.039809525,
493494051,0.95320565,0.08660071,-0.28690466,-0.039813496,
493500052,0.9532043,0.086601995,-0.28690916,-0.03981131,
493505052,0.9532026,0.0866091,-0.28691235,-0.039812822,
493510052,0.95320016,0.086604826,-0.28692156,-0.039812684,
493515052,0.9531992,0.08660706,-0.28692394,-0.039814506,
493520052,0.95319897,0.08660757,-0.2869246,-0.039815594,
493523897,0.95319813,0.08660819,-0.28692675,-0.03981788,
493529051,0.9531981,0.086604826,-0.28692833,-0.0398152,
493534051,0.9531962,0.08661284,-0.2869316,-0.03981811,
493540053,0.9531959,0.08661282,-0.28693247,-0.039819933,
493545052,0.95319474,0.086617775,-0.2869346,-0.03982258,
493550052,0.9531951,0.08661543,-0.28693467,-0.03981835,
493555052,0.9531947,0.0866194,-0.28693447,-0.039819434,
493560052,0.95319515,0.08661525,-0.2869348,-0.039815784,
493563897,0.9531943,0.08661474,-0.2869377,-0.039815128,
493569051,0.95319456,0.086615264,-0.28693682,-0.039815534,
493574051,0.95319307,0.086619325,-0.28694034,-0.039815206,
493580052,0.95319265,0.0866194,-0.2869412,-0.039819792,
493585052,0.9531913,0.08662363,-0.2869444,-0.03982163,
493590052,0.9531911,0.08662059,-0.28694624,-0.039818313,
493595052,0.95319104,0.08662498,-0.2869451,-0.039819196,
493600052,0.95319194,0.08662018,-0.28694415,-0.03981508,
493603897,0.9531908,0.08662301,-0.28694662,-0.039817274,
493609051,0.95319176,0.086621515,-0.28694415,-0.03981594,
493614051,0.95318997,0.086627066,-0.28694835,-0.039818004,
493620052,0.95318985,0.086625375,-0.28694937,-0.039815888,
493625052,0.95318836,0.08662712,-0.28695375,-0.039815217,
493630052,0.9531887,0.086627044,-0.28695303,-0.039813593,
493635052,0.9531872,0.08663375,-0.286956,-0.03981298,
493640053,0.9531878,0.08663362,-0.28695416,-0.039811272,
493643897,0.9531875,0.086630225,-0.28695554,-0.039817512,
493649051,0.95318794,0.08662989,-0.28695446,-0.03981426,
493654051,0.9531871,0.086634055,-0.2869564,-0.039810993,
493660052,0.95318717,0.08663341,-0.28695703,-0.039807413,
493665052,0.9531858,0.08664251,-0.28695908,-0.039804883,
493670052,0.9531866,0.08664247,-0.28695685,-0.039802574,
493675052,0.9531849,0.086651236,-0.28695953,-0.03980466,
493680052,0.9531863,0.08665007,-0.28695577,-0.039802007,
493683897,0.95318496,0.08665188,-0.28695974,-0.039800733,
493689051,0.9531844,0.08665217,-0.28696117,-0.039800275,
493694051,0.9531834,0.08666081,-0.28696164,-0.03980446,
493700052,0.95318335,0.08666009,-0.2869623,-0.039803132,
493705052,0.9531829,0.08666505,-0.28696245,-0.039801713,
493710052,0.95318335,0.08666668,-0.28696075,-0.039800044,
493715052,0.95318204,0.086671785,-0.28696352,-0.039799895,
493720052,0.95318174,0.08667484,-0.2869639,-0.039796285,
493723897,0.9531792,0.086679325,-0.28697118,-0.039795563,
493729051,0.9531797,0.08667351,-0.28697142,-0.039794642,
493734051,0.95317847,0.08667825,-0.28697366,-0.03979903,
493740052,0.9531781,0.08667596,-0.28697562,-0.03979661,
493745052,0.95317715,0.086683676,-0.28697637,-0.03979775,
493750052,0.9531767,0.08668464,-0.28697792,-0.03979542,
493755052,0.9531744,0.08669233,-0.28698292,-0.03979801,
493760052,0.95317435,0.08668785,-0.2869849,-0.03979403,
493763897,0.95317316,0.086688675,-0.28698882,-0.03979361,
493769051,0.9531728,0.086685866,-0.28699133,-0.039790276,
493774051,0.95317113,0.086692,-0.28699487,-0.039791,
493780052,0.9531706,0.08668946,-0.28699774,-0.039789293,
493785052,0.9531691,0.08669084,-0.28700194,-0.03979152,
493790052,0.9531686,0.086692795,-0.28700355,-0.039788347,
493795052,0.9531669,0.086699285,-0.28700727,-0.039786182,
493800052,0.9531675,0.08668872,-0.28700912,-0.039781816,
493803897,0.9531664,0.08668922,-0.28701174,-0.03978697,
493809051,0.9531666,0.08669457,-0.28701016,-0.039783623,
493814051,0.95316464,0.086699754,-0.28701487,-0.03978528,
493820052,0.95316327,0.08669585,-0.28702053,-0.03978643,
493825052,0.95316124,0.08670532,-0.28702402,-0.03978836,
493830052,0.95316136,0.086706005,-0.2870238,-0.039785977,
493835052,0.9531596,0.08670906,-0.2870282,-0.039790485,
493840052,0.9531601,0.08670993,-0.2870267,-0.039786275,
493843897,0.9531597,0.086713076,-0.28702748,-0.03978378,
493849051,0.95315987,0.08670931,-0.28702813,-0.03978226,
493854051,0.953158,0.08671268,-0.28703278,-0.03978614,
493860052,0.9531582,0.08671953,-0.28703067,-0.039782852,
493865052,0.95315725,0.08672346,-0.2870323,-0.039782967,
493870052,0.95315707,0.08671569,-0.28703517,-0.03978452,
493875052,0.95315635,0.08672152,-0.28703618,-0.039783467,
493880052,0.95315635,0.086725,-0.28703496,-0.03978295,
493883897,0.95315546,0.0867206,-0.28703892,-0.039785787,
493889051,0.9531553,0.08672087,-0.28704,-0.039781965,
493894051,0.9531534,0.086728744,-0.28704405,-0.03978108,
493900052,0.95315313,0.086725324,-0.28704605,-0.039779004,
493905052,0.95315206,0.086730495,-0.28704804,-0.039779898,
493910052,0.9531522,0.08673088,-0.28704825,-0.03977485,
493915052,0.9531514,0.08673617,-0.28704873,-0.039777815,
493920052,0.95315045,0.08673479,-0.2870527,-0.03977584,
493923897,0.9531512,0.08673405,-0.28705028,-0.039775394,
493929051,0.95315117,0.08673868,-0.28704977,-0.03977124,
493934051,0.95315003,0.086744994,-0.2870514,-0.039773427,
493940052,0.95314926,0.08674418,-0.28705403,-0.0397734,
493945052,0.9531474,0.0867492,-0.2870585,-0.039776202,
493950053,0.95314646,0.08674103,-0.28706414,-0.039774746,
493955052,0.95314366,0.08674291,-0.28707275,-0.039776042,
493960052,0.9531435,0.086744316,-0.28707308,-0.039775163,
493963897,0.953142,0.08674824,-0.28707734,-0.03977103,
493969051,0.9531412,0.08674863,-0.28708026,-0.039766755,
493974051,0.9531403,0.08675387,-0.2870819,-0.03976704,
493980052,0.95314056,0.08675348,-0.28708163,-0.039762758,
493985052,0.9531405,0.08675758,-0.2870806,-0.039762624,
493990053,0.95314074,0.086758785,-0.28708014,-0.039759513,
493995052,0.9531397,0.086765,-0.28708103,-0.039762232,
494000052,0.95314026,0.08676166,-0.28708038,-0.039762158,
494003897,0.9531406,0.086761124,-0.2870798,-0.039759006,
494009051,0.9531405,0.08676242,-0.28708008,-0.039755363,
494014051,0.9531389,0.08676545,-0.28708506,-0.03975156,
494020052,0.9531386,0.08676431,-0.287087,-0.03974879,
494025052,0.9531385,0.086767055,-0.2870861,-0.03975075,
494030052,0.9531386,0.086766236,-0.28708604,-0.039749954,
494035052,0.9531367,0.08676759,-0.2870918,-0.039752867,
494040052,0.9531371,0.086766906,-0.2870909,-0.039750863,
494043897,0.9531366,0.086764716,-0.28709286,-0.039751202,
494049051,0.953137,0.086764485,-0.2870922,-0.03974907,
494054051,0.95313686,0.086769566,-0.28709114,-0.039748084,
494060052,0.9531364,0.08677017,-0.2870925,-0.039748646,
494065052,0.95313495,0.08677658,-0.28709552,-0.03974702,
494070052,0.95313466,0.08677129,-0.28709787,-0.039747775,
494075052,0.9531337,0.08677735,-0.28709918,-0.039748345,
494080052,0.9531339,0.086773224,-0.28709993,-0.03974807,
494083897,0.9531331,0.08677468,-0.28710178,-0.039750636,
494089051,0.95313305,0.08677109,-0.2871024,-0.039754644,
494094051,0.9531305,0.086774066,-0.28711048,-0.03975222,
494100052,0.9531301,0.08677224,-0.28711194,-0.039752968,
494105052,0.9531291,0.08677747,-0.2871139,-0.039751604,
494110052,0.9531286,0.086773574,-0.28711691,-0.039752,
494115052,0.95312786,0.08677774,-0.28711778,-0.03975367,
494120052,0.95312786,0.08677491,-0.28711918,-0.039750256,
494123897,0.95312655,0.0867719,-0.28712448,-0.039749436,
494129051,0.9531266,0.08677395,-0.28712445,-0.03974331,
494134051,0.9531249,0.08678235,-0.2871276,-0.039744988,
494139051,0.9531252,0.086782336,-0.2871272,-0.03973946,
494143595,0.95312494,0.08678366,-0.2871272,-0.039742477,
494149051,0.9531252,0.0867826,-0.28712752,-0.039736766,
494153595,0.95312506,0.08678467,-0.28712723,-0.039737307,
494159051,0.9531242,0.08678039,-0.28713176,-0.039732344,
494163595,0.95312405,0.086781114,-0.28713268,-0.039730046,
494169051,0.9531233,0.08678144,-0.2871353,-0.039729673,
494173595,0.95312226,0.08677901,-0.28713894,-0.039732452,
494179051,0.953122,0.08677462,-0.28714165,-0.03972795,
494183595,0.95312166,0.08677476,-0.28714246,-0.03973028,
494189051,0.953121,0.086775295,-0.28714457,-0.0397298,
494193595,0.9531209,0.08677721,-0.28714466,-0.039728183,
494199051,0.953121,0.08677173,-0.2871459,-0.03972835,
