110122114,34856,
110482113,35416,
110042114,34651,
110602113,34124,
110002114,35826,
110162114,34573,
110522114,34982,
1087769147,62142,
110602113,34124,
110522114,34982,
110082114,34856,
110562114,34415,
110482113,35416,
2121416571,15350,
110562114,34415,
110642114,34840,
110682114,35140,
110722114,34809,
110762114,34275,
110802114,34927,
110842114,35021,
110882113,34872,
110922114,35502,
110962113,34896,
111002114,34448,
111042113,35046,
111082114,34305,
111122114,34785,
111162114,33983,
111202114,34116,
111242114,34399,
111282113,35423,
111322114,34699,
111362114,34982,
111402113,34872,
111442114,35219,
111482114,34541,
111522114,34344,
111562114,34321,
111602114,34510,
111642113,34565,
111682114,34943,
111722114,34856,
111762114,34856,
111802114,34699,
111842113,34541,
111882113,35872,
111922114,34344,
111962114,34565,
112002114,34944,
112042114,34512,
112082114,34991,
112122113,35337,
112162113,35140,
112202114,34258,
112242114,34613,
112282114,34479,
112322114,34668,
112362114,35164,
112402114,34724,
112442114,34541,
112482113,34590,
112522114,34416,
112562114,34613,
112602114,34289,
112642114,34172,
112682114,34541,
112722114,35329,
112762113,35171,
112802114,34006,
112842114,35013,
112882113,33762,
112922114,34738,
112962114,34754,
113002114,34943,
113042113,34486,
113082114,35109,
113122114,35045,
113162114,34951,
113202114,34376,
113242114,34194,
113282114,34840,
113322114,34030,
113362114,34730,
113402114,35518,
113442113,34613,
113482114,34723,
113522114,33581,
113562114,34565,
113602114,34100,
113642114,34321,
113682114,34187,
113722114,34424,
113762114,34486,
113802114,34644,
3309944385,14625,
113882114,34951,
113922114,34635,
113962114,34635,
114002114,34809,
114042114,35487,
114082113,34392,
114122114,34809,
114162114,34589,
114202114,35006,
114242114,34723,
114282113,34723,
114322113,33958,
114362114,34951,
114402114,35219,
114442114,35085,
114482113,33944,
114522114,35683,
114562114,34944,
114602114,34714,
114642113,33833,
114682113,33503,
114722114,35321,
114762113,35179,
114802114,34896,
114842113,35557,
114882113,35109,
114922114,34691,
114962114,34644,
115002114,33746,
115042113,34936,
115082113,34716,
115122114,34669,
115162113,34809,
115202113,33809,
115242114,34596,
115282114,35077,
115322114,34210,
115362114,34251,
115402114,35416,
115442113,34635,
115482114,34376,
115522113,34613,
115562114,34525,
115602113,34242,
115642114,34479,
115682114,34305,
115722113,34541,
115762114,35416,
115802114,34407,
115842113,34415,
115882113,33557,
115922114,35313,
115962114,34273,
116002114,35061,
116042114,35116,
116082114,33753,
116122114,33753,
116162114,35014,
116202114,34360,
116242113,35440,
116282114,34415,
116322113,34250,
116362113,33652,
116402114,34966,
116442114,34416,
116482114,34194,
116522114,34613,
116562114,35187,
116602114,34282,
116642114,35573,
116682114,35376,
116722114,34675,
116762113,35109,
116802114,34108,
116842114,34439,
116882114,34227,
116922114,35013,
116962114,34793,
117002113,34415,
117042114,33659,
117082114,35148,
117122114,35210,
117162114,35399,
117202114,34273,
117242114,35486,
117282113,34596,
117322114,34856,
117362114,34178,
117402114,35675,
117442114,34856,
117482114,34723,
117522114,34801,
117562114,34605,
117602114,34927,
117642114,34305,
117682114,34943,
117722114,34462,
117762114,35817,
117802114,34439,
117842114,35100,
117882114,35021,
3858939458,14729,
117962114,34927,
118002114,34384,
118042114,34297,
118082114,35793,
118122114,34305,
118162114,34517,
118202114,35266,
118242114,35124,
118282114,35124,
118322114,34328,
118362114,34124,
118402114,34965,
118442114,35060,
118482114,34580,
118522114,33942,
118562114,34999,
118602114,34769,
118642113,35013,
118682114,35414,
118722114,35502,
118762114,35054,
118802114,34729,
118842114,34360,
118882114,34856,
118922114,35077,
118962114,34139,
119002114,34494,
119042114,34203,
119082113,34439,
119122113,35202,
119162114,34958,
119202113,35652,
119242113,34801,
119282113,33731,
119322114,34360,
119362114,34769,
119402114,33588,
119442114,34572,
119482114,33974,
119522114,34604,
119562113,34218,
119602114,34754,
119642114,33919,
119682114,35478,
119722114,35526,
119762114,34613,
119802114,35124,
119842114,34935,
119882114,35329,
119922114,34549,
119962114,35329,
120002113,34668,
120042114,34541,
120082114,34691,
120122114,35170,
120162114,34958,
120202114,34784,
120242114,34825,
120282114,33777,
120322114,34525,
120362114,34558,
120402114,34093,
120442114,35384,
120482114,35384,
120522114,34061,
120562114,34508,
120602114,34494,
120642114,34589,
120682113,34935,
120722114,34816,
120762113,34635,
120802114,36209,
120842114,35257,
120882114,34729,
120922114,34227,
120962114,34541,
121002114,35139,
121042114,34430,
121082114,34982,
121122114,33989,
121162113,34627,
121202114,34390,
121242113,34738,
121282114,34706,
121322114,35179,
121362114,34282,
121402114,34706,
121442114,34831,
121482114,35092,
121522114,33690,
121562114,35257,
121602114,34927,
121642114,34872,
121682113,34305,
121722114,34414,
121762114,34486,
121802114,34738,
121842114,35533,
121882114,35028,
121922114,35028,
121962114,33902,
2880945664,14748,
122042113,33879,
122082114,34848,
122122114,34045,
122162113,34823,
122202114,35249,
122242114,34918,
122282113,35319,
122322114,34808,
122362113,34587,
122402114,34178,
122442114,34808,
122482113,35145,
122522114,34753,
122562114,34910,
122602114,35139,
122642114,35139,
122682114,34297,
122722114,34651,
122762114,34950,
122802114,34359,
122842114,34422,
122882114,34256,
122922114,34564,
122962114,34265,
123002114,34651,
123042114,34453,
123082114,35037,
123122114,35028,
123162114,35414,
123202114,34642,
123242114,34352,
123282114,34367,
123322113,34996,
123362113,34602,
123402114,34021,
123442113,33871,
123482113,34486,
123522114,34193,
123562113,34855,
123602114,34769,
123642114,34469,
123682114,34328,
123722114,35115,
123762114,34343,
123802114,35974,
123842113,34996,
123882114,35783,
123922113,34201,
123962114,35776,
124002114,34988,
124042114,34248,
124082114,35162,
124122114,34634,
124162114,33942,
124202114,34359,
124242114,35493,
124282113,35225,
124322114,34611,
124362114,34091,
124402113,35052,
124442114,34375,
124482114,34872,
124522114,34816,
124562114,35060,
124602114,34973,
124642113,34602,
124682114,34658,
124722114,34988,
124762114,34596,
124802114,34927,
124842113,34927,
124882114,35139,
124922114,34469,
124962114,35382,
125002113,34855,
125042114,34808,
125082114,35225,
125122114,34430,
125162114,34596,
125202114,34508,
125242114,34839,
125282113,34886,
125322113,35989,
125362114,34265,
125402114,34918,
125442113,34445,
125482114,35225,
125522114,34674,
125562114,34477,
125602114,34067,
125642113,34918,
125682114,34272,
125722114,34541,
125762114,34091,
125802114,34414,
125842114,34863,
125882114,34414,
125922114,34933,
125962114,35130,
4126981699,14691,
126002114,34210,
126082113,34776,
126122114,35130,
126162114,34988,
126202114,35075,
126242114,34414,
126282114,34114,
126322114,34855,
126362114,34745,
126402114,35673,
126442114,34555,
126482113,34587,
126522114,35382,
126562113,34350,
126602114,34564,
126642114,34248,
126682114,34486,
126722114,35083,
126762114,35476,
126802114,33973,
126842113,34634,
126882114,35043,
126922114,33957,
126962114,33752,
127002114,34469,
127042114,34469,
127082113,35429,
127122114,34398,
127162114,34642,
127202114,35469,
127242114,35641,
127282114,35130,
127322114,33981,
127362114,34036,
127402114,33879,
127442114,34910,
127482114,35438,
127522113,33760,
127562114,34949,
127602114,34689,
127642114,34713,
127682114,34477,
127722113,34634,
127762114,34776,
127802114,34933,
127842114,34745,
127882114,35366,
127922114,34051,
127962114,34736,
128002114,34784,
128042113,34074,
128082114,34784,
128122114,34390,
128162114,35255,
128202114,34808,
128242114,34248,
128282114,34910,
128322113,34460,
128362114,35776,
128402114,35563,
128442114,33601,
128482113,34460,
128522114,35232,
128562114,35351,
128602114,34012,
128642114,34051,
128682114,34263,
128722114,34594,
128762114,34894,
128802114,34988,
128842114,34350,
128882114,34704,
128922114,34240,
128962114,34460,
129002113,34910,
129042114,34232,
129082114,35075,
129122114,34933,
129162113,34768,
129202114,34768,
129242113,34106,
129282114,34028,
129322114,35476,
129362113,34713,
129402113,34414,
129442114,34375,
129482114,34996,
129522114,34626,
129562114,35004,
129602113,34272,
129642114,34193,
129682113,34869,
129722113,35012,
129762113,33264,
129802114,34594,
129842113,34405,
129882114,34721,
129922114,34768,
129962114,34885,
130002114,35075,
130042114,34224,
4061183556,14719,
130122113,34106,
130162114,34602,
130202114,34594,
130242114,34100,
130282114,35122,
130322114,34090,
130362114,34586,
130402113,34460,
130442114,34831,
130482114,33665,
130522113,35366,
130562114,35209,
130602114,34665,
130642114,34460,
130682114,34546,
130722114,34713,
130762114,34618,
130802114,34925,
130842114,34713,
130882114,34382,
130922114,34232,
130962113,34610,
131002113,34918,
131042113,34256,
131082114,34137,
131122114,34303,
131162114,33791,
131202114,34302,
131242114,34594,
131282114,35145,
131322114,34405,
131362114,34941,
131402114,34941,
131442114,35028,
131482114,35232,
131522113,35019,
131562113,33697,
131602114,33626,
131642114,35012,
131682114,34917,
131722114,33807,
131762114,34869,
131802113,34334,
131842114,34980,
131882114,35059,
131922114,33932,
131962114,35469,
132002114,34759,
132042114,35106,
132082114,33759,
132122114,34752,
132162114,34571,
132202114,34759,
132242114,34405,
132282113,35059,
132322114,34477,
132362114,33807,
132402114,34343,
132442114,34579,
132482114,34042,
132522114,33822,
132562114,35248,
132602114,34004,
132642114,34469,
132682113,34382,
132722114,34129,
132762114,33704,
132802113,34232,
132842113,33941,
132882114,34649,
132922114,34555,
132962114,34515,
133002113,34224,
133042114,34759,
133082113,34279,
133122113,34153,
133162114,34028,
133202114,35012,
133242114,34949,
133282114,34784,
133322113,34295,
133362114,34666,
133402114,34366,
133442114,34531,
133482114,33806,
133522114,36154,
133562114,36154,
133602114,34972,
133642114,35200,
133682113,34752,
133722114,34839,
133762114,34752,
133802114,34122,
133842113,34956,
133882114,34845,
133922114,35547,
133962114,34610,
134002114,34729,
134042114,34373,
134082113,34720,
2461384261,14779,
134162113,34633,
134202114,34665,
134242114,35783,
134282114,34311,
134322114,34240,
134362113,34586,
134402113,33649,
134442113,34169,
134482114,34398,
134522113,34389,
134562114,33626,
134602114,34216,
134642114,34035,
134682114,34311,
134722113,35138,
134762114,34594,
134802114,35028,
134842114,34334,
134882114,34476,
134922114,34122,
134962114,33964,
135002114,34515,
135042114,34594,
135082113,34642,
135122114,33940,
135162114,34279,
135202114,32909,
135242114,33783,
135282113,35028,
135322114,33302,
135362113,34318,
135402114,35335,
135442114,35153,
135482114,34279,
135522114,35066,
135562114,34616,
135602114,33885,
135642114,34775,
135682114,34743,
135722114,34743,
135762113,34531,
135802113,34114,
135842114,35176,
135882114,33626,
135922114,33571,
135962114,34578,
136002114,34019,
136042114,33530,
136082114,35280,
136122113,34752,
136162114,34343,
136202113,35507,
136242114,34506,
136282114,33980,
136322114,34837,
136362114,34798,
136402114,34625,
136442114,34468,
136482114,34752,
136522114,34854,
136562114,34216,
136602114,35295,
136642114,34570,
136682114,34673,
136722114,34618,
136762114,34357,
136802113,34625,
136842113,34917,
136882114,34697,
136922113,34515,
136962114,34602,
137002114,35365,
137042114,34499,
137082114,34459,
137122114,34161,
137162114,34718,
137202114,34877,
137242113,34018,
137282113,35074,
137322113,35066,
137362114,35051,
137402114,35460,
137442114,34349,
137482114,34277,
137522114,34097,
137562114,34798,
137602114,33569,
137642114,34798,
137682114,34201,
137722114,34318,
137762113,34184,
137802114,34963,
137842114,34105,
137882114,34570,
137922114,34570,
137962114,35043,
138002114,34901,
138042114,34224,
138082114,34633,
138122114,34585,
3447111238,14820,
138202113,34523,
138242114,34578,
138282114,33948,
138322114,34224,
138362114,34042,
138402114,34759,
138442113,34097,
138482114,34515,
138522114,33932,
138562114,35373,
138602113,34065,
138642114,33995,
138682114,34318,
138722114,35098,
138762114,34404,
138802114,34642,
138842113,34175,
138882114,34657,
138922114,35380,
138962113,33932,
139002114,34444,
139042114,35672,
139082114,34285,
139122113,34120,
139162113,34932,
139202113,33923,
139242114,34892,
139282113,35476,
139322114,34625,
139362114,34782,
139402113,33978,
139442114,35476,
139482114,34877,
139522114,33554,
139562114,34712,
139602114,35333,
139642114,34263,
139682114,34649,
139722114,34285,
139762114,33916,
139802113,34640,
139842114,34843,
139882114,33806,
139922114,34743,
139962114,34161,
140002114,34688,
140042114,35057,
140082114,35057,
140122114,34459,
140162114,33775,
140202114,34294,
140242114,33995,
140282114,34523,
140322114,35498,
140362114,34285,
140402114,35121,
140442114,34805,
140482114,35223,
140522114,33932,
140562114,34649,
140602113,34326,
140642113,34845,
140682114,35049,
140722114,33916,
140762114,34671,
140802114,34845,
140842114,34782,
140882114,34318,
140922113,34861,
140962114,33995,
141002114,34419,
141042114,34256,
141082114,34341,
141122114,34877,
141162114,34506,
141202114,34175,
141242114,34089,
141282113,34640,
141322114,34294,
141362114,35498,
141402114,34483,
141442114,34538,
141482113,35136,
141522114,34271,
141562114,34775,
141602114,34216,
141642113,34759,
141682113,35208,
141722114,34404,
141762114,34805,
141802114,35467,
141842114,34530,
141882114,34459,
141922114,34616,
141962113,35397,
142002114,34782,
142042114,34924,
142082114,32948,
142122114,35350,
142162114,35128,
2234564166,14869,
142242114,34829,
142282114,34829,
142322114,35049,
142362113,35443,
142402114,34704,
142442114,35035,
142482114,34608,
142522114,34285,
142562114,34199,
142602114,34475,
142642114,33467,
142682114,34191,
142722113,34515,
142762113,34018,
142802113,34822,
142842114,34065,
142882114,34080,
142922114,35208,
142962113,35159,
143002114,34608,
143042114,34814,
143082114,34845,
143122113,34042,
143162114,35601,
143202114,34790,
143242114,34468,
143282114,34016,
143322114,34254,
143362113,33766,
143402114,34829,
143442114,35577,
143482114,34428,
143522114,34175,
143562114,35136,
143602113,34459,
143642114,34436,
143682114,35333,
143722113,34735,
143762114,34364,
143802114,34246,
143842114,35121,
143882114,33868,
143922113,34877,
143962114,33932,
144002113,34152,
144042113,33978,
144082114,34152,
144122114,34616,
144162114,34435,
144202113,35018,
144242114,34600,
144282114,34695,
144322113,34727,
144362114,34814,
144402113,34663,
144442113,34663,
144482114,34254,
144522114,33317,
144562114,34695,
144602113,35404,
144642113,35648,
144682114,34687,
144722114,34742,
144762114,34735,
144802114,35593,
144842114,33419,
144882114,34536,
144922114,34071,
144962114,34277,
145002114,34237,
145042113,34742,
145082114,34695,
145122114,34687,
145162114,35018,
145202114,34821,
145242114,34797,
145282114,35372,
145322114,35869,
145362114,34513,
145402114,35152,
145442114,33750,
145482114,35284,
145522114,34490,
145562113,35174,
145602114,34049,
145642114,34994,
145682114,34687,
145722114,34977,
145762114,34623,
145802114,35041,
145842114,34687,
145882114,34954,
145922113,34718,
145962114,34608,
146002114,34246,
146042114,34057,
146082114,34002,
146122114,34656,
146162113,33694,
146202113,34089,
1330036295,14917,
146282114,34277,
146322113,34663,
146362114,34876,
146402114,33685,
146442113,34640,
146482113,34829,
146522113,34766,
146562114,35372,
146602114,35372,
146642114,33238,
146682114,34845,
146722114,35159,
146762114,33592,
146802113,34585,
146842114,35987,
146882114,34025,
146922114,35159,
146962114,33616,
147002114,34089,
147042114,34805,
147082114,35152,
147122114,34977,
147162114,34577,
147202114,34561,
147242114,34057,
147282113,34411,
147322113,34963,
147362114,34916,
147402114,34884,
147442114,34222,
147482114,34246,
147522113,33561,
147562114,33985,
147602114,33836,
147642114,34364,
147682114,34585,
147722114,34797,
147762114,34498,
147802114,34646,
147842114,35183,
147882114,34457,
147922113,34530,
147962114,33955,
148002114,34522,
148042114,34002,
148082113,34277,
148122114,33939,
148162113,34435,
148202114,34861,
148242113,35088,
148282114,34954,
148322114,34649,
148362114,34663,
148402114,34411,
148442114,36042,
148482114,35970,
148522114,34733,
148562114,34419,
148602114,34766,
148642114,35270,
148682114,35229,
148722114,34750,
148762114,34270,
148802113,34270,
148842114,35009,
148882114,34490,
148922114,34742,
148962113,34702,
149002114,34591,
149042114,34545,
149082114,34230,
149122114,35097,
149162114,34821,
149202114,34559,
149242114,34104,
149282114,33442,
149322113,34498,
149362114,34702,
149402114,34292,
149442114,34426,
149482114,34270,
149522114,34419,
149562114,34616,
149602114,34687,
149642114,34536,
149682114,34394,
149722114,34804,
149762114,35016,
149802114,34711,
149842113,34237,
149882113,35869,
149922114,34008,
149962113,34528,
150002114,34316,
150042114,34992,
150082114,34536,
150122114,35262,
150162113,34890,
150202114,34545,
3069296200,14970,
150242113,34071,
150322114,34409,
150362114,34615,
150402113,34937,
150442114,35355,
150482114,35370,
150522114,34882,
150562114,34466,
150602114,34804,
150642114,33977,
150682114,34615,
150722114,33811,
150762113,35102,
150802113,34307,
150842114,33889,
150882114,35047,
150922113,35308,
150962114,35308,
151002114,34638,
151042114,35024,
151082114,35024,
151122114,33939,
151162114,34189,
151202114,35079,
151242114,34284,
151282114,34159,
151322113,34859,
151362114,35576,
151402113,34394,
151442114,34678,
151482114,34545,
151522114,34685,
151562114,34441,
151602114,34937,
151642114,35204,
151682113,34377,
151722114,34536,
151762114,34252,
151802114,34551,
151842114,34685,
151882114,34559,
151922114,34763,
151962114,34071,
152002114,34473,
152042114,34882,
152082114,35347,
152122114,34740,
152162114,34424,
152202114,33748,
152242114,35111,
152282114,34583,
152322114,35402,
152362114,34519,
152402113,35716,
152442114,34473,
152482114,35063,
152522113,35126,
152562114,34307,
152602114,34205,
152642114,34473,
152682114,34275,
152722114,34165,
152762114,35308,
152802114,34708,
152842114,34291,
152882114,34441,
152922114,34078,
152962114,34220,
153002113,33393,
153042114,34740,
153082114,34212,
153122114,34980,
153162114,34842,
153202114,34299,
153242114,35251,
153282114,34535,
153322114,33936,
153362114,34677,
153402114,33542,
153442113,34377,
153482113,35039,
153522113,34992,
153562113,34810,
153602114,33605,
153642114,34078,
153682114,34307,
153722114,35599,
153762114,34755,
153802114,34882,
153842114,34795,
153882114,34638,
153922114,34346,
153962114,34566,
154002114,34606,
154042114,35141,
154082113,35008,
154122114,34638,
154162114,34708,
154202114,34133,
154242113,34645,
154282114,34314,
4035886664,14999,
154362113,34630,
154402114,33991,
154442113,35260,
154482113,34473,
154522114,34992,
154562114,34551,
154602114,34740,
154642114,35362,
154682114,34157,
154722114,34046,
154762114,35512,
154802114,33417,
154842114,34771,
154882114,34842,
154922114,35141,
154962114,35521,
155002113,34456,
155042114,34259,
155082114,34912,
155122114,34038,
155162113,34409,
155202114,35267,
155242114,35251,
155282114,34653,
155322113,34653,
155362113,34668,
155402114,33999,
155442114,34511,
155482113,35449,
155522114,34645,
155562114,33432,
155602114,35472,
155642114,34889,
155682114,34897,
155722114,34645,
155762114,34180,
155802114,34133,
155842113,34558,
155882113,34850,
155922114,35347,
155962114,34810,
156002114,34850,
156042113,33951,
156082114,35512,
156122114,34070,
156162114,34038,
156202114,34684,
156242114,34503,
156282114,33983,
156322114,35228,
156362114,35472,
156402114,33597,
156442113,34598,
156482114,34479,
156522113,35071,
156562113,34354,
156602114,34244,
156642114,34392,
156682114,33896,
156722114,34085,
156762114,33905,
156802114,34314,
156842113,34204,
156882114,35251,
156922114,34802,
156962113,34881,
157002114,34771,
157042113,33763,
157082114,34535,
157122114,34566,
157162114,33928,
157202114,33873,
157242114,35306,
157282114,35590,
157322113,35109,
157362114,33629,
157402114,34636,
157442114,34275,
157482114,35086,
157522114,35086,
157562114,34479,
157602114,33684,
157642114,33809,
157682114,33589,
157722113,33786,
157762113,34849,
157802113,33533,
157842114,34463,
157882114,34165,
157922114,35022,
157962114,34179,
158002114,34085,
158042114,35275,
158082114,33809,
158122114,34967,
158162114,34054,
158202114,34227,
158242114,35362,
158282113,34857,
158322113,35093,
985185865,15020,
158402114,34912,
158442114,34983,
158482114,34369,
158522114,34739,
158562114,35054,
158602114,34542,
158642114,34510,
158682114,35157,
158722114,34581,
158762114,33448,
158802114,34385,
158842114,33794,
158882114,34400,
158922113,34149,
158962113,34448,
159002114,35219,
159042114,34495,
159082114,34140,
159122114,34700,
159162114,34195,
159202113,34912,
159242113,34723,
159282114,35164,
159322114,34575,
159362114,34921,
159402114,34787,
159442114,33400,
159482114,34479,
159522114,33983,
159562114,34250,
159602114,34046,
159642114,34165,
159682114,33290,
159722113,33290,
159762114,34227,
159802113,34133,
159842113,34503,
159882114,34030,
159922114,34259,
159962114,34495,
160002114,34574,
160042114,35440,
160082114,34661,
160122113,35408,
160162113,34188,
160202113,34109,
160242113,34976,
160282114,34928,
160322114,34180,
160362113,34684,
160402114,34636,
160442114,35558,
160482114,34920,
160522114,35015,
160562114,34565,
160602113,34565,
160642113,34345,
160682113,35408,
160722114,34613,
160762114,33959,
160802114,34519,
160842114,34644,
160882113,34542,
160922114,34542,
160962114,33494,
161002114,34432,
161042113,34487,
161082113,34321,
161122114,34447,
161162114,34109,
161202114,34675,
161242114,34353,
161282114,34589,
161322114,34029,
161362113,35077,
161402114,34101,
161442114,34794,
161482114,34754,
161522113,35061,
161562114,35439,
161602114,35085,
161642114,34983,
161682113,34510,
161722114,34794,
161762114,33944,
161802114,33912,
161842114,34675,
161882113,34163,
161922114,34258,
161962114,34171,
162002114,34353,
162042114,34313,
162082114,33605,
162122114,34739,
162162114,34667,
162202114,35125,
162242114,34510,
162282114,35195,
162322114,34336,
162362114,34762,
1958592074,15041,
162442114,34432,
162482114,33959,
162522114,32982,
162562113,35006,
162602114,34502,
162642113,34289,
162682114,34794,
162722114,34495,
162762114,35068,
162802114,33715,
162842113,34879,
162882114,35298,
162922114,34597,
162962113,34644,
163002114,35416,
163042114,34896,
163082113,35573,
163122114,34423,
163162114,34526,
163202114,34171,
163242114,33478,
163282114,34188,
163322114,34226,
163362114,34667,
163402113,34865,
163442114,35132,
163482114,34156,
163522114,35320,
163562114,35558,
163602114,35503,
163642114,34148,
163682114,34589,
163722113,34667,
163762114,34430,
163802114,34116,
163842114,34131,
163882114,35093,
163922114,35369,
163962114,34124,
164002114,34234,
164042114,34328,
164082114,34328,
164122114,33950,
164162114,34644,
164202114,34305,
164242114,35251,
164282113,34383,
164322114,34801,
164362114,34171,
164402114,34510,
164442113,33817,
164482114,34422,
164522113,34841,
164562114,34975,
164602114,34296,
164642113,34084,
164682114,34699,
164722114,34345,
164762114,34368,
164802114,34809,
164842114,35416,
164882114,35187,
164922114,34833,
164962114,35730,
165002114,34659,
165042114,34667,
165082114,34809,
165122114,35045,
165162114,34526,
165202114,35140,
165242114,35337,
165282114,35006,
165322114,33864,
165362114,34652,
165402114,35155,
165442114,35147,
165482114,34493,
165522114,34651,
165562114,34778,
165602113,34574,
165642114,34534,
165682114,34162,
165722113,34140,
165762114,34808,
165802114,34714,
165842114,33800,
165882113,35486,
165922114,33792,
165962113,35281,
166002114,34848,
166042114,34454,
166082113,34863,
166122114,34801,
166162114,34123,
166202114,34477,
166242114,34477,
166282114,34981,
166322114,35840,
166362114,34659,
96321098,15064,
166402114,34501,
166482114,34863,
166522114,33832,
166562114,34375,
166602114,34643,
166642114,34706,
166682113,35005,
166722114,34209,
166762114,34785,
166802114,34627,
166842114,34509,
166882114,35550,
166922114,34438,
166962114,34470,
167002114,35249,
167042114,34808,
167082114,34793,
167122113,34840,
167162114,33949,
167202114,34485,
167242114,35045,
167282113,34540,
167322113,34013,
167362114,34595,
167402114,34422,
167442114,33745,
167482114,34233,
167522114,34808,
167562114,34091,
167602113,34131,
167642113,34721,
167682114,33304,
167722114,35430,
167762114,33887,
167802114,35604,
167842114,34832,
167882114,34887,
167922114,34611,
167962114,35115,
168002114,34776,
168042113,35391,
168082114,35478,
168122114,35029,
168162114,35249,
168202114,33430,
168242113,33981,
168282114,34785,
168322113,35249,
168362114,34312,
168402114,34029,
168442114,34029,
168482114,35510,
168522114,34509,
168562114,34288,
168602114,34280,
168642114,34895,
168682114,33855,
168722114,34651,
168762114,34682,
168802114,34288,
168842114,34746,
168882113,35187,
168922114,34651,
168962113,35037,
169002113,35045,
169042114,34462,
169082114,33816,
169122114,34250,
169162114,35194,
169202114,34485,
169242113,34713,
169282114,34462,
169322113,34383,
169362114,34761,
169402114,34785,
169442114,33887,
169482114,34801,
169522114,34430,
169562114,34375,
169602114,34399,
169642114,33800,
169682114,34162,
169722114,35037,
169762113,34706,
169802114,34422,
169842114,34981,
169882114,34832,
169922114,34840,
169962114,35029,
170002114,34509,
170042114,34288,
170082114,35029,
170122114,34265,
170162114,35305,
170202114,34099,
170242114,34824,
170282114,34154,
170322114,34848,
170362113,34722,
170402113,34572,
2795093579,15082,
170442114,34061,
170522114,34809,
170562113,34281,
170602114,34537,
170642114,34470,
170682114,34273,
170722114,35510,
170762113,34352,
170802114,34241,
170842114,35344,
170882114,34021,
170922114,35391,
170962114,34698,
171002114,34981,
171042114,34375,
171082114,35361,
171122114,34674,
171162114,34131,
171202114,35289,
171242114,34485,
171282114,34454,
171322113,34975,
171362114,34651,
171402114,35501,
171442114,35643,
171482114,34462,
171522114,33627,
171562114,34659,
171602114,34572,
171642114,35367,
171682114,34352,
171722113,34855,
171762114,33919,
171802114,34761,
171842114,34926,
171882113,35171,
171922114,33730,
171962113,33942,
172002114,34084,
172042114,33620,
172082114,34131,
172122113,34383,
172162114,35730,
172202113,35210,
172242113,34479,
172282114,34013,
172322114,35510,
172362114,34328,
172402114,34195,
172442113,34691,
172482113,34385,
172522114,35431,
172562114,35991,
172602113,35029,
172642114,34195,
172682114,35281,
172722113,35344,
172762114,34753,
172802114,34753,
172842114,34595,
172882114,34801,
172922114,34296,
172962114,34250,
173002114,34352,
173042114,34581,
173082114,34273,
173122114,33406,
173162114,34785,
173202114,34430,
173242113,34454,
173282114,34068,
173322114,34698,
173362114,35202,
173402113,34438,
173442113,34808,
173482114,34320,
173522113,34154,
173562114,34990,
173602114,34611,
173642113,35391,
173682114,34485,
173722114,34044,
173762114,34895,
173802114,34218,
173842114,34462,
173882114,34871,
173922114,33461,
173962114,34493,
174002113,35289,
174042114,35115,
174082114,34061,
174122114,33800,
174162114,34769,
174202114,34572,
174242114,34887,
174282114,34627,
174322114,34430,
174362114,34123,
174402114,35107,
174442114,34288,
174482114,34178,
174522114,35021,
2881535563,15101,
174602113,34690,
174642113,34059,
174682114,35548,
174722114,34540,
174762114,35218,
174802114,34233,
174842114,34280,
174882114,34147,
174922113,34745,
174962114,34745,
175002114,34674,
175042114,34407,
175082114,34729,
175122113,34296,
175162114,34454,
175202114,34958,
175242114,34816,
175282114,35139,
175322114,34753,
175362114,34950,
175402113,35147,
175442114,34485,
175482114,34674,
175522114,33871,
175562114,34250,
175602113,35265,
175642114,34044,
175682114,34619,
175722113,34036,
175762113,34990,
175802114,33620,
175842113,34296,
175882114,35234,
175922114,34170,
175962114,33981,
176002114,33910,
176042114,34076,
176082113,34848,
176122113,34950,
176162114,34052,
176202114,35202,
176242114,34636,
176282113,34572,
176322114,34099,
176362114,34099,
176402113,33595,
176442114,34863,
176482114,34509,
176522113,35486,
176562114,34131,
176602114,34958,
176642114,34462,
176682114,35013,
176722114,33312,
176762113,33934,
176802114,35029,
176842114,34540,
176882114,34919,
176922114,34288,
176962114,34407,
177002114,35612,
177042113,34691,
177082114,34241,
177122114,34526,
177162113,34526,
177202114,34761,
177242113,34706,
177282114,35376,
177322114,33902,
177362114,34604,
177402114,35107,
177442114,34241,
177482114,35376,
177522114,35171,
177562114,34548,
177602114,33840,
177642114,34863,
177682114,34682,
177722114,34061,
177762114,34052,
177802114,33368,
177842114,33966,
177882114,34454,
177922114,34534,
177962114,35029,
178002114,35139,
178042114,34540,
178082114,34540,
178122114,34415,
178162114,34432,
178202113,34029,
178242114,35312,
178282114,34415,
178322114,34801,
178362113,35423,
178402113,34148,
178442114,34540,
178482114,35257,
178522114,34454,
178562114,34470,
1421262412,15107,
178602114,34203,
178682113,34328,
178762114,34722,
178802114,34912,
178842113,34124,
178882114,34540,
178922114,35353,
178962113,34084,
179002114,34171,
179042114,35305,
179082114,34375,
179122114,35660,
179162114,34336,
179202113,34691,
179242114,34659,
179282113,34729,
179322114,34729,
179362114,34627,
179402114,35053,
179442114,34919,
179482114,35399,
179522114,34218,
179562114,34824,
179602114,34209,
179642114,34470,
179682114,34714,
179722114,34636,
179762113,34620,
179802114,34934,
179842114,34714,
179882113,34296,
179922113,34320,
179962114,34517,
180002114,34430,
180042114,34533,
180082114,35100,
180122114,34604,
180162114,34612,
180202114,34754,
180242114,34375,
180282113,34265,
180322114,34619,
180362114,34856,
180402114,34485,
180442114,35005,
180482114,35580,
180522114,35084,
180562114,35005,
180602114,35265,
180642114,34540,
180682114,34690,
180722113,34981,
180762114,34753,
180802113,34674,
180842113,34430,
180882114,34383,
180922114,34958,
180962113,34808,
181002114,34698,
181042114,34533,
181082113,35974,
181122114,34099,
181162114,35107,
181202114,35328,
181242114,33524,
181282113,34178,
181322114,33430,
181362113,35037,
181402114,34729,
181442113,34241,
181482114,34785,
181522114,34785,
181562114,34564,
181602114,34903,
181642114,34556,
181682114,33902,
181722114,34454,
181762113,34304,
181802114,34524,
181842114,33784,
181882114,34343,
181922114,34761,
181962114,34154,
182002114,33807,
182042114,34044,
182082114,34335,
182122113,34312,
182162114,34666,
182202114,34958,
182242114,34626,
182282114,34288,
182322114,33847,
182362114,34422,
182402114,34855,
182442114,35981,
182482114,35249,
182522114,33673,
182562114,34469,
182602114,34147,
182642114,33864,
182682114,34147,
2383789645,15119,
182762114,35296,
182802113,34202,
182842114,35470,
182882113,34367,
182922114,35438,
182962114,34454,
183002114,34698,
183042114,34626,
183082114,34926,
183122113,34761,
183162114,34769,
183202114,35407,
183242114,34635,
183282114,34076,
183322114,34934,
183362114,33973,
183402114,34666,
183442114,34509,
183482114,34792,
183522114,34437,
183562114,34698,
183602114,34249,
183642114,34903,
183682114,34492,
183722114,34492,
183762114,35281,
183802114,35320,
183842114,34517,
183882114,34698,
183922114,34919,
183962114,33665,
184002114,34249,
184042113,34162,
184082114,35005,
184122114,35091,
184162114,34531,
184202114,33784,
184242114,34579,
184282114,34272,
184322114,33918,
184362114,34571,
184402114,33784,
184442114,34020,
184482114,34728,
184522114,35343,
184562113,34823,
184602113,35320,
184642114,34981,
184682114,33910,
184722114,35454,
184762114,35863,
184802114,35131,
184842114,34626,
184882114,35099,
184922114,34776,
184962114,34469,
185002114,35336,
185042114,35296,
185082113,34579,
185122114,34974,
185162114,34351,
185202114,34461,
185242113,34374,
185282114,35068,
185322114,34658,
185362113,34217,
185402114,35264,
185442114,34855,
185482114,33547,
185522114,33933,
185562114,33319,
185602114,34972,
185642114,34870,
185682114,34957,
185722113,34783,
185762114,34374,
185802114,34051,
185842114,34610,
185882114,34351,
185922114,34351,
185962114,34359,
186002114,34382,
186042114,34028,
186082114,34524,
186122113,35114,
186162114,34327,
186202114,34257,
186242113,34043,
186282114,33799,
186322114,34855,
186362114,33761,
186402114,34501,
186442114,35548,
186482114,35320,
186522114,34761,
186562113,34579,
186602114,34691,
186642114,34051,
186682114,34320,
186722114,34950,
3206856270,15131,
186762114,34154,
186842114,34564,
186882114,34257,
186922113,34312,
186962114,34335,
187002114,35565,
187042114,34021,
187082114,34674,
187122114,33981,
187162114,34997,
187202114,34674,
187242114,35021,
187282114,34965,
187322113,34399,
187362113,35060,
187402114,33697,
187442114,34855,
187482114,35209,
187522114,33839,
187562113,34832,
187602114,34477,
187642114,34209,
187682114,34123,
187722114,33627,
187762114,34170,
187802114,35210,
187842114,34738,
187882114,34328,
187922114,34068,
187962114,34407,
188002114,34832,
188042114,34202,
188082114,34202,
188122114,35273,
188162114,34674,
188202113,34785,
188242114,34816,
188282114,34643,
188322113,34170,
188362114,34768,
188402114,34469,
188442113,34919,
188482114,34091,
188522114,34753,
188562114,34312,
188602114,34808,
188642114,34202,
188682114,34965,
188722113,35076,
188762113,33973,
188802113,36163,
188842114,33831,
188882113,34643,
188922114,34343,
188962113,33784,
189002114,33587,
189042114,35305,
189082114,33445,
189122114,34934,
189162114,35060,
189202114,33477,
189242114,34965,
189282114,35454,
189322114,34028,
189362114,35375,
189402114,34713,
189442114,33453,
189482114,35816,
189522114,34808,
189562114,34147,
189602114,33602,
189642114,34910,
189682114,34847,
189722114,34477,
189762113,34484,
189802114,35186,
189842114,34848,
189882114,34539,
189922113,34564,
189962114,34832,
190002114,33485,
190042114,34887,
190082114,33610,
190122114,35154,
190162114,35162,
190202114,35044,
190242114,33761,
190282114,33761,
190322114,34359,
190362113,33445,
190402114,34871,
190442114,34327,
190482114,34461,
190522113,34249,
190562114,34075,
190602114,34753,
190642114,35186,
190682114,35107,
190722114,34430,
190762113,34776,
190802114,34202,
190842114,34051,
1379909199,15139,
190922114,34902,
190962114,34619,
191002113,35367,
191042113,33949,
191082114,33453,
191122114,34477,
191162113,34840,
191202114,35194,
191242114,34855,
191282113,34130,
191322113,35052,
191362114,33831,
191402114,35305,
191442114,34075,
191482114,34414,
191522114,33414,
191562114,35264,
191602114,35076,
191642114,34965,
191682114,34399,
191722114,34115,
191762114,34209,
191802113,34390,
191842114,35107,
191882114,35029,
191922113,35099,
191962113,34492,
192002113,34501,
192042114,35218,
192082114,34800,
192122114,34643,
192162113,34044,
192202114,34919,
192242114,33894,
192282114,35107,
192322114,33918,
192362113,33579,
192402114,34579,
192442114,34579,
192482114,34721,
192522114,34832,
192562114,34374,
192602113,35493,
192642114,34588,
192682114,34989,
192722114,35533,
192762114,34548,
192802114,35572,
192842114,34919,
192882114,34461,
192922114,34225,
192962114,34579,
193002114,34618,
193042113,34564,
193082114,35981,
193122114,34650,
193162114,34028,
193202114,34382,
193242114,34406,
193282114,35595,
193322114,35099,
193362114,35068,
193402114,34934,
193442114,34193,
193482114,34949,
193522114,34287,
193562114,34800,
193602113,34768,
193642114,33744,
193682114,34382,
193722114,35407,
193762114,34342,
193802114,34728,
193842114,34635,
193882114,34382,
193922113,34036,
193962114,34327,
194002114,34272,
194042114,33736,
194082114,35311,
194122113,34847,
194162114,34792,
194202114,34043,
194242114,33358,
194282114,33869,
194322114,35082,
194362114,35186,
194402114,34075,
194442114,34539,
194482114,34783,
194522114,33736,
194562114,33082,
194602114,34106,
194642114,34106,
194682114,33507,
194722114,34249,
194762113,34696,
194802114,33854,
194842114,35004,
194882113,34287,
194922114,34476,
3191979600,15148,
195002113,34610,
195042114,33869,
195082114,34563,
195122114,34461,
195162114,34389,
195202114,35137,
195242114,34090,
195282114,34421,
195322113,34287,
195362114,34579,
195402114,34564,
195442113,34429,
195482114,34429,
195522114,33381,
195562114,35264,
195602114,34421,
195642114,34524,
195682114,34673,
195722113,34673,
195762114,34666,
195802114,35076,
195842114,34217,
195882114,34792,
195922114,35114,
195962114,33973,
196002114,34499,
196042114,34484,
196082113,34090,
196122114,34452,
196162114,35137,
196202114,34555,
196242114,33625,
196282113,34499,
196322114,34437,
196362114,34745,
196402114,34665,
196442114,35068,
196482113,33933,
196522114,34279,
196562114,35256,
196602114,34351,
196642114,34020,
196682114,33799,
196722114,34823,
196762114,34682,
196802114,34682,
196842114,34650,
196882114,33634,
196922114,34603,
196962114,34374,
197002114,34618,
197042113,35082,
197082114,34122,
197122114,34508,
197162114,34516,
197202114,34925,
197242114,34577,
197282114,34539,
197322114,34838,
197362114,35074,
197402114,33814,
197442114,35114,
197482114,34783,
197522114,34783,
197562114,34334,
197602113,34618,
197642114,35097,
197682114,34821,
197722114,34618,
197762114,34665,
197802114,34705,
197842114,33704,
197882114,33799,
197922114,34264,
197962114,34191,
198002114,34296,
198042114,34931,
198082114,34996,
198122114,36075,
198162114,33933,
198202114,34200,
198242114,34941,
198282114,34595,
198322113,35114,
198362114,35239,
198402113,34766,
198442114,33759,
198482113,34043,
198522114,35515,
198562114,33483,
198602114,34492,
198642114,34941,
198682114,33956,
198722114,34679,
198762114,34539,
198802114,34214,
198842113,34815,
198882114,34508,
198922114,35010,
198962114,35010,
199002114,34673,
992824415,9281,
199082114,34240,
199122114,34279,
199162114,34720,
199202114,34020,
199242114,34214,
199282113,34571,
199322114,34775,
199362114,35059,
199402114,34563,
199442114,34490,
199482113,34348,
199522113,34310,
199562114,34365,
199602114,34357,
199642114,34389,
199682114,34127,
199722114,34207,
199762114,34641,
199802114,34058,
199842114,34593,
199882113,34593,
199922114,34837,
199962114,34703,
200002114,34182,
200042114,34593,
200082113,34214,
200122114,34292,
200162114,34750,
200202114,34994,
200242114,34017,
200282114,34624,
200322114,34954,
200362114,33686,
200402114,33592,
200442113,33867,
200482114,34633,
200522114,34600,
200562114,34104,
200602113,33734,
200642113,34538,
200682114,34026,
200722114,33796,
200762114,34104,
200802114,35144,
200842114,34348,
200882114,35097,
200922114,33931,
200962114,34758,
201002114,34782,
201042114,34497,
201082114,33394,
201122114,34467,
201162114,34467,
201202114,33931,
201242114,34544,
201282114,34435,
201322114,34837,
201362114,34412,
201402114,33867,
201442113,33961,
201482114,34773,
201522114,34860,
201562114,34727,
201602114,33914,
201642114,35246,
201682114,34309,
201722114,34442,
201762114,34875,
201802114,34285,
201842114,34561,
201882114,34245,
201922114,34230,
201962114,34750,
202002114,34631,
202042113,34010,
202082114,33883,
202122114,34695,
202162114,34372,
202202114,34411,
202242114,34158,
202282114,35356,
202322113,34970,
202362114,33923,
202402114,34852,
202442114,35175,
202482113,34599,
202522114,35191,
202562113,34727,
202602113,35168,
202642113,34648,
202682114,33828,
202722114,34427,
202762114,33867,
202802114,34883,
202842114,34309,
202882114,34703,
202922114,34158,
202962114,34908,
203002113,33711,
203042114,34599,
203082114,34340,
1668202066,15147,
203162114,34631,
203202114,35144,
203242114,34899,
203282114,34427,
203322113,34427,
203362114,35333,
203402114,34655,
203442114,35475,
203482114,34844,
203522113,34624,
203562114,35168,
203602114,34671,
203642114,35168,
203682114,33371,
203722114,33332,
203762113,34782,
203802113,34593,
203842114,34237,
203882114,36372,
203922114,34230,
203962114,34230,
204002114,33238,
204042114,34924,
204082114,34253,
204122114,35586,
204162114,35269,
204202114,33970,
204242114,34207,
204282114,34207,
204322114,33442,
204362114,34317,
204402114,35200,
204442114,34584,
204482113,35191,
204522114,35026,
204562114,34191,
204602114,34088,
204642113,34695,
204682114,34332,
204722114,34805,
204762114,34915,
204802114,35310,
204842113,34340,
204882113,35152,
204922114,34277,
204962114,34230,
205002114,33893,
205042114,34058,
205082114,34814,
205122114,33458,
205162114,34451,
205202114,33924,
205242114,34152,
205282113,34545,
205322114,34979,
205362114,34262,
205402113,34648,
205442114,34805,
205482114,34340,
205522114,34340,
205562114,34924,
205602114,34490,
205642114,34277,
205682114,34883,
205722114,34293,
205762114,33694,
205802114,35435,
205842114,34497,
205882114,34166,
205922114,34655,
205962114,34608,
206002113,33206,
206042114,34127,
206082114,34655,
206122114,34892,
206162114,34435,
206202114,34703,
206242114,33702,
206282114,34340,
206322114,34852,
206362114,33679,
206402114,34568,
206442114,34663,
206482114,34561,
206522114,34152,
206562114,35009,
206602114,34127,
206642114,34695,
206682114,33986,
206722114,34616,
206762114,34190,
206802113,33757,
206842114,34245,
206882113,35183,
206922114,34150,
206962114,35017,
207002114,35049,
207042114,33986,
207082114,34727,
207122114,33789,
166379091,15158,
207162114,34237,
207242114,33923,
207282114,34970,
207322114,34300,
207362114,33961,
207402114,34860,
207442113,35159,
207482114,34411,
207522113,34222,
207562114,34552,
207602114,34103,
207642113,34230,
207682113,34230,
207722114,34639,
207762114,34805,
207802114,33899,
207842113,34489,
207882113,34120,
207922114,35034,
207962114,34938,
208002114,34805,
208042114,34159,
208082114,34033,
208122114,34175,
208162113,34474,
208202113,34584,
208242114,34631,
208282113,33206,
208322113,34127,
208362114,34033,
208402114,34529,
208442113,34718,
208482114,35269,
208522114,33970,
208562113,34152,
208602114,34538,
208642114,33859,
208682114,34639,
208722114,34213,
208762114,34419,
208802113,34166,
208842113,34529,
208882114,34135,
208922114,33923,
208962113,35017,
209002114,33757,
209042114,35687,
209082114,34584,
209122114,35261,
209202113,34765,
209242114,34930,
209282114,34600,
209322113,34639,
209362114,33804,
209402114,34269,
209442114,34648,
209482114,34513,
209522114,34033,
209562114,34756,
209602114,34300,
209642113,34655,
209682113,33780,
209722114,34222,
209762113,35057,
209802114,34733,
209842114,34750,
209882114,34750,
209922114,35113,
209962114,33537,
210002114,34356,
210042114,34292,
210082114,34127,
210122114,34907,
210162114,34750,
210202114,34844,
210242114,35269,
210282114,35073,
210322114,34695,
210362114,34655,
210402114,33970,
210442114,34497,
210482114,34954,
210522114,34315,
210562113,34733,
210602114,34120,
210642114,34300,
210682114,33929,
210722114,34852,
210762114,34474,
210802114,34710,
210842114,33403,
210882114,34387,
210922114,34820,
210962114,34789,
211002114,35246,
211042114,34938,
211082114,35450,
211122114,34828,
211162114,34686,
211202114,34718,
915062356,15169,
211242114,35049,
211322114,33717,
211362114,34544,
211402114,34458,
211442114,34411,
211482114,34442,
211522114,33647,
211562114,34166,
211602114,33481,
211642114,34269,
211682114,34663,
211722114,34584,
211762114,34489,
211802114,34166,
211842113,35230,
211882114,35081,
211922114,33970,
211962113,35111,
212002114,34559,
212042113,35356,
212082114,35356,
212122114,34718,
212162114,34207,
212202114,34616,
212242114,35081,
212282114,34481,
212322114,34489,
212362114,34678,
212402114,34080,
212442114,34387,
212482114,34599,
212522114,33316,
212562113,34631,
212602114,34883,
212642114,34686,
212682114,34237,
212722114,33946,
212762113,34356,
212802114,34497,
212842114,34930,
212882114,34773,
212922113,33741,
212962114,34639,
213002114,34434,
213042114,34883,
213082114,34646,
213122114,34332,
213162114,34152,
213202114,34292,
213242114,34513,
213282114,34269,
213322114,34300,
213362114,35348,
213402114,33984,
213442114,33891,
213482114,34623,
213522114,34317,
213562114,34907,
213602114,34820,
213642113,34489,
213682114,33978,
213722113,34930,
213762114,34797,
213802114,34425,
213842114,35009,
213882114,34348,
213922113,34765,
213962114,34135,
214002113,34733,
214042114,34655,
214082114,34466,
214122113,34844,
214162114,34008,
214202114,34536,
214242114,34608,
214282114,34608,
214322114,34899,
214362114,34001,
214402114,34292,
214442114,34489,
214482114,34237,
214522114,34379,
214562114,34072,
214602114,34253,
214642114,35395,
214682114,35032,
214722114,34442,
214762113,34403,
214802114,35387,
214842114,34458,
214882114,34693,
214922114,34425,
214962113,33970,
215002114,34797,
215042113,34063,
215082114,33700,
215122113,34166,
215162114,34269,
215202114,34340,
215242113,34370,
215282114,34513,
215322114,34797,
215402114,35119,
215442114,34655,
215482114,34718,
215522114,34442,
215562113,34844,
215602113,34765,
215642114,34701,
215682113,34758,
215722114,33142,
215762114,34797,
215802114,34245,
215842114,33836,
215882114,35017,
215922114,34315,
215962114,34536,
216002113,34458,
216042114,35119,
216082113,35119,
216122114,34497,
216162114,34080,
216202114,34867,
216242114,34017,
216282114,34756,
216322114,34458,
216362114,35017,
216402114,34118,
216442114,34118,
216482114,33851,
216522113,34356,
216562113,34182,
216602114,34756,
216642114,34403,
216682114,34158,
216722114,34608,
216762114,34370,
216802114,34725,
216842114,33766,
216882114,33970,
216922114,34103,
216962114,35647,
217002113,34260,
217042113,33418,
217082113,33819,
217122113,33505,
217162113,33615,
217202114,34277,
217242113,34025,
217282113,33961,
217322114,34584,
217362114,34411,
217402114,34568,
217442114,34922,
217482114,35103,
217522114,33764,
217562114,35221,
217602114,34008,
217642114,34742,
217682114,33693,
217722114,34544,
217762114,35056,
217802113,34954,
217842114,34890,
217882114,35064,
217922114,34536,
217962114,33488,
218002114,33488,
218042114,34063,
218082114,33976,
218122114,33425,
218162113,33929,
218202114,34466,
218242114,33496,
218282114,34086,
218322114,34158,
218362113,34992,
218402114,34717,
218442114,34458,
218482114,35575,
218522114,34481,
218562113,34324,
218602114,35001,
218642114,35001,
218682114,34954,
218722114,34472,
218762114,34969,
218802114,34472,
218842114,34284,
218882114,34496,
218922113,34434,
218962114,34890,
219002114,34559,
219042114,35316,
219082114,34536,
219122114,33716,
219162113,35410,
219202114,35001,
219242114,34039,
219282114,33921,
219322114,33283,
219362113,34875,
1699659350,15195,
219402114,33653,
219482114,34165,
219522114,34733,
219562114,34504,
219602114,33369,
219642114,34701,
219682114,34315,
219722114,33764,
219762113,34780,
219802114,34638,
219842114,33787,
219882114,34039,
219922114,34095,
3149642683,48059,
220002114,34820,
220042114,33953,
220082114,34417,
220122113,34039,
220162114,34292,
220202114,34150,
220242113,34339,
220282113,34237,
220322114,34134,
220362114,34080,
220402114,33291,
220442114,34583,
220482113,34875,
220522114,33662,
220562114,33842,
220602114,34150,
220642114,34504,
220682114,34922,
220722113,34977,
220762114,34725,
220802114,34725,
220842114,33528,
220882113,34394,
220922114,33552,
220962114,33938,
221002114,34433,
221042113,33819,
221082114,35402,
221122114,34583,
221162113,34638,
221202114,34339,
221242114,33716,
221282113,34433,
221322114,33102,
221362113,34670,
221402114,34182,
221442113,34811,
221482114,34354,
221522114,34504,
221562114,34449,
221602114,34568,
221642113,35182,
221682114,34551,
221722114,34623,
221762113,34063,
221802114,34165,
221842114,34189,
221882113,34835,
221922114,34591,
221962113,34354,
222002114,34063,
222042114,34748,
222082114,33669,
222122114,34205,
222162114,33827,
222202113,34858,
222242114,34922,
222282114,34331,
222322114,34441,
222362114,34277,
222402114,34764,
222442114,34252,
222482113,34197,
222522114,35103,
222562114,34220,
222602114,34063,
222642113,33456,
222682113,34063,
222722114,33401,
222762114,34670,
222802114,34150,
222842114,33386,
222882114,35095,
222922114,33796,
222962114,33796,
223002114,33363,
223042113,34394,
223082113,34339,
223122114,34260,
223162114,33984,
223202114,34780,
223242114,33653,
223282114,34331,
223322114,33749,
223362114,33984,
223402114,34717,
223442114,33764,
223482114,33355,
2872557143,15210,
223562114,34740,
223642114,34386,
223682113,34072,
223722114,34433,
223762114,33228,
223802114,34496,
223842114,34110,
223882114,34055,
223922114,34504,
223962114,34803,
224002114,34173,
224042114,33748,
224082114,33811,
224122114,34220,
224162114,34543,
224202113,33590,
224242114,34858,
224282114,34496,
224322114,34685,
224362114,34189,
224402114,33181,
224442114,34008,
224482114,34590,
224522114,34409,
224562114,33448,
224602114,34323,
224642114,34378,
224682114,34866,
224722114,33527,
224762114,35032,
224802114,34323,
224842114,34213,
224882114,34945,
224922114,34520,
224962114,34851,
225002114,34787,
225042113,34835,
225082114,35158,
225122114,35158,
225162114,34496,
225202114,33716,
225242113,34110,
225282114,34583,
225322114,34937,
225362114,35646,
225402114,34827,
225442113,33669,
225482114,35654,
225522114,35032,
225562114,34551,
225602114,34543,
225642114,35237,
225682114,34890,
225722113,34488,
225762114,34662,
225802114,34268,
225842113,34346,
225882113,34646,
225922113,34165,
225962113,33755,
226002114,33393,
226042114,34472,
226082114,34456,
226122114,34370,
226162114,34622,
226202113,34433,
226242114,33417,
226282113,34496,
226322114,34118,
226362114,34331,
226402113,34780,
226442114,34747,
226482113,34906,
226522114,34787,
226562114,34394,
226602114,35418,
226642114,34717,
226682114,34315,
226722114,35678,
226762114,34796,
226802114,34630,
226842114,35639,
226882114,34803,
226922114,34930,
226962114,34362,
227002114,34866,
227042114,34992,
227082114,34599,
227122113,34386,
227162114,34134,
227202113,35528,
227242114,34685,
227282114,34378,
227322114,34378,
227362114,33992,
227402114,35646,
227442113,34654,
227482114,34890,
227522114,34236,
227562114,34228,
3127950936,15220,
227642114,34575,
227682114,33582,
227722114,33960,
227762114,34229,
227802114,34992,
227842114,34354,
227882114,34039,
227922114,33724,
227962114,34567,
228002114,33614,
228042113,33684,
228082114,34354,
228122114,34535,
228162114,34110,
228202114,34378,
228242114,34590,
228282114,33882,
228322114,34605,
228362114,35229,
228402114,33992,
228442114,33984,
228482114,34228,
228522114,34260,
228562113,34953,
228602114,33992,
228642113,34503,
228682114,34315,
228722113,34614,
228762114,35110,
228802114,35189,
228842114,34433,
228882114,33968,
228922114,34157,
228962114,34331,
229002114,34370,
229042113,34110,
229082114,35063,
229122114,34764,
229162114,34796,
229202114,34512,
229242114,34495,
229282114,34614,
229322114,34134,
229362114,34930,
229402114,34102,
229442114,35528,
229482114,35528,
229522114,34448,
229562114,33795,
229602114,33141,
229642114,34527,
229682114,34535,
229722114,34535,
229762114,34881,
229802114,34213,
229842114,34047,
229882114,34070,
229922113,34173,
229962113,34599,
230002114,34779,
230042113,34023,
230082114,33874,
230122114,34701,
230162114,34361,
230202113,34228,
230242113,33637,
230282113,34739,
230322114,34535,
230362114,34465,
230402114,34244,
230442113,34882,
230482114,33850,
230522113,33590,
230562114,33905,
230602114,34039,
230642114,34141,
230682114,35158,
230722114,34747,
230762114,34819,
230802114,33307,
230842114,34764,
230882113,34488,
230922113,34520,
230962114,34393,
231002113,34480,
231042113,34567,
231082114,34260,
231122114,35473,
231162114,34055,
231202114,34315,
231242114,34110,
231282114,34677,
231322114,34646,
231362114,34110,
231402114,34591,
231442114,34323,
231482114,33968,
231522114,34709,
231562114,34165,
231602114,34165,
231642114,34472,
231682114,34047,
3507142233,15236,
231762113,34535,
231802114,34852,
231842114,34394,
231882114,34465,
231922113,33362,
231962114,33921,
232002114,33181,
232042114,35221,
232082113,34780,
232122114,33196,
232162113,34772,
232202114,34780,
232242114,34110,
232282114,33992,
232322114,33755,
232362114,35244,
232402114,34606,
232442114,33645,
232482114,34362,
232522114,34386,
232562114,34748,
232602114,34362,
232642114,34220,
232682114,33559,
232722114,34284,
232762114,33993,
232802113,34685,
232842113,33141,
232882114,34685,
232922114,34331,
232962114,34434,
233002114,34827,
233042114,34150,
233082114,34023,
233122114,33929,
233162114,34796,
233202113,34386,
233242114,33401,
233282113,34559,
233322113,34299,
233362114,34835,
233402114,33686,
233442114,34284,
233482114,33796,
233522114,34449,
233562114,34275,
233602114,34504,
233642114,34725,
233682114,34205,
233722114,33512,
233762114,33346,
233802114,33346,
233842114,34441,
233882114,34000,
233922114,34441,
233962114,34023,
234002114,33953,
234042114,34890,
234082114,33921,
234122113,34244,
234162113,34079,
234202114,35048,
234242114,34851,
234282114,34157,
234322114,34992,
234362114,34725,
234402113,33259,
234442114,33968,
234482114,34890,
234522114,34086,
234562114,34685,
234602114,34803,
234642113,34772,
234682113,34662,
234722113,33992,
234762114,33527,
234802114,33929,
234842114,33984,
234882114,34528,
234922114,34150,
234962114,35103,
235002114,33968,
235042113,33945,
235082114,33094,
235122114,34362,
235162114,33842,
235202114,34409,
235242114,34796,
235282114,34347,
235322114,34591,
235362114,35890,
235402113,34433,
235442113,34252,
235482114,34441,
235522114,34425,
235562114,34072,
235602114,34284,
235642114,34747,
235682114,34513,
235722114,33724,
235762114,33834,
2315632218,15245,
235802114,33503,
235882114,34102,
235922114,34141,
235962114,34141,
236002113,34575,
236042114,34764,
236082114,34709,
236122114,34843,
236162114,35063,
236202113,33779,
236242114,34961,
236282114,33173,
236322114,33764,
236362113,34772,
236402113,34165,
236442114,33850,
236482114,34284,
236522114,34189,
236562114,33259,
236602114,33700,
236642114,34606,
236682114,34614,
236722114,33920,
236762114,34268,
236802114,34559,
236842113,33700,
236882114,34646,
236922114,35457,
236962114,34465,
237002114,35229,
237042114,34346,
237082113,35048,
237122114,33850,
237162113,33362,
237202114,34070,
237242114,34079,
237282114,33425,
237322114,33866,
237362114,34496,
237402114,34023,
237442114,35276,
237482114,34299,
237522114,34269,
237562114,35095,
237602113,34748,
237642114,34465,
237682114,33960,
237722114,33953,
237762114,33804,
237802114,34583,
237842114,34252,
237882114,35048,
237922113,34354,
237962114,34906,
238002114,33645,
238042114,34456,
238082114,34102,
238122114,34102,
238162113,35221,
238202114,33622,
238242114,34543,
238282114,34858,
238322113,34693,
238362114,34717,
238402114,33708,
238442114,34780,
238482114,33559,
238522114,34260,
238562114,34528,
238602114,34481,
238642114,34307,
238682113,34748,
238722114,34733,
238762113,34205,
238802114,34606,
238842114,34465,
238882114,34339,
238922113,34472,
238962114,35300,
239002113,34370,
239042113,33929,
239082113,35308,
239122113,34063,
239162114,34141,
239202114,34252,
239242114,33741,
239282114,34292,
239322114,34827,
239362114,33755,
239402114,34079,
239442114,34678,
239482113,34205,
239522114,33796,
239562114,34851,
239602113,34559,
239642114,33465,
239682114,34520,
239722113,34772,
239762114,35096,
239802114,34292,
239842114,34811,
239882113,34583,
239922114,33984,
445103707,15254,
239962114,34559,
240042114,34512,
240082114,34772,
240122114,33684,
240162113,33984,
240202114,34748,
240242113,34748,
240282113,34441,
240322114,33732,
240362114,35071,
240402114,34496,
240442114,34229,
240482113,34472,
240522113,33858,
240562114,35103,
240602114,35536,
240642114,33590,
240682114,34811,
240722113,34985,
240762114,33968,
240802114,34772,
240842114,34086,
240882114,34386,
240922114,33590,
240962114,33512,
241002114,33369,
241042114,34780,
241082113,34331,
241122114,34528,
241162113,33953,
241202114,34339,
241242114,34182,
241282114,34945,
241322114,35064,
241362113,34127,
241402114,33755,
241442114,34583,
241482114,34456,
241522114,34985,
241562114,34472,
241602114,34362,
241642114,34031,
241682114,35292,
241722114,34820,
241762114,33519,
241802114,34173,
241842114,34307,
241882114,35008,
241922113,34425,
241962114,34023,
242002114,33503,
242042114,35024,
242082114,34023,
242122114,33866,
242162114,33614,
242202113,34630,
242242114,33590,
242282113,33614,
242322114,34134,
242362114,34126,
242402113,34126,
242442114,34299,
242482114,34599,
242522114,34229,
242562114,34819,
242602114,34307,
242642114,34284,
242682114,33503,
242722114,33866,
242762114,34638,
242802114,34023,
242842114,35150,
242882114,34062,
242922113,34354,
242962114,34520,
243002113,34323,
243042114,34898,
243082114,34339,
243122114,34606,
243162114,34070,
243202114,33992,
243242114,34378,
243282113,34339,
243322114,35316,
243362113,34307,
243402113,33433,
243442114,34914,
