110122114,4096,
110482113,4096,
110042114,4096,
110602113,4096,
110002114,4096,
110162114,4096,
110522114,4096,
1087769147,14721,
110602113,4096,
110522114,4096,
110082114,4096,
110562114,4096,
110482113,4096,
2121416571,16597,
110562114,4096,
110642114,4096,
110682114,4096,
110722114,4096,
110762114,4096,
110802114,4096,
110842114,4096,
110882113,4096,
110922114,4096,
110962113,4096,
111002114,4096,
111042113,4096,
111082114,4096,
111122114,4096,
111162114,4096,
111202114,4096,
111242114,4096,
111282113,4096,
111322114,4096,
111362114,4096,
111402113,4096,
111442114,4096,
111482114,4096,
111522114,4096,
111562114,4096,
111602114,4096,
111642113,4096,
111682114,4096,
111722114,4096,
111762114,4096,
111802114,4096,
111842113,4096,
111882113,4096,
111922114,4096,
111962114,4096,
112002114,4096,
112042114,4096,
112082114,4096,
112122113,4096,
112162113,4096,
112202114,4096,
112242114,4096,
112282114,4096,
112322114,4096,
112362114,4096,
112402114,4096,
112442114,4096,
112482113,4096,
112522114,4096,
112562114,4096,
112602114,4096,
112642114,4096,
112682114,4096,
112722114,4096,
112762113,4096,
112802114,4096,
112842114,4096,
112882113,4096,
112922114,4096,
112962114,4096,
113002114,4096,
113042113,4096,
113082114,4096,
113122114,4096,
113162114,4096,
113202114,4096,
113242114,4096,
113282114,4096,
113322114,4096,
113362114,4096,
113402114,4096,
113442113,4096,
113482114,4096,
113522114,4096,
113562114,4096,
113602114,4096,
113642114,4096,
113682114,4096,
113722114,4096,
113762114,4096,
113802114,4096,
3309944385,-14057,
113882114,4096,
113922114,4096,
113962114,4096,
114002114,4096,
114042114,4096,
114082113,4096,
114122114,4096,
114162114,4096,
114202114,4096,
114242114,4096,
114282113,4096,
114322113,4096,
114362114,4096,
114402114,4096,
114442114,4096,
114482113,4096,
114522114,4096,
114562114,4096,
114602114,4096,
114642113,4096,
114682113,4096,
114722114,4096,
114762113,4096,
114802114,4096,
114842113,4096,
114882113,4096,
114922114,4096,
114962114,4096,
115002114,4096,
115042113,4096,
115082113,4096,
115122114,4096,
115162113,4096,
115202113,4096,
115242114,4096,
115282114,4096,
115322114,4096,
115362114,4096,
115402114,4096,
115442113,4096,
115482114,4096,
115522113,4096,
115562114,4096,
115602113,4096,
115642114,4096,
115682114,4096,
115722113,4096,
115762114,4096,
115802114,4096,
115842113,4096,
115882113,4096,
115922114,4096,
115962114,4096,
116002114,4096,
116042114,4096,
116082114,4096,
116122114,4096,
116162114,4096,
116202114,4096,
116242113,4096,
116282114,4096,
116322113,4096,
116362113,4096,
116402114,4096,
116442114,4096,
116482114,4096,
116522114,4096,
116562114,4096,
116602114,4096,
116642114,4096,
116682114,4096,
116722114,4096,
116762113,4096,
116802114,4096,
116842114,4096,
116882114,4096,
116922114,4096,
116962114,4096,
117002113,4096,
117042114,4096,
117082114,4096,
117122114,4096,
117162114,4096,
117202114,4096,
117242114,4096,
117282113,4096,
117322114,4096,
117362114,4096,
117402114,4096,
117442114,4096,
117482114,4096,
117522114,4096,
117562114,4096,
117602114,4096,
117642114,4096,
117682114,4096,
117722114,4096,
117762114,4096,
117802114,4096,
117842114,4096,
117882114,4096,
3858939458,1881,
117962114,4096,
118002114,4096,
118042114,4096,
118082114,4096,
118122114,4096,
118162114,4096,
118202114,4096,
118242114,4096,
118282114,4096,
118322114,4096,
118362114,4096,
118402114,4096,
118442114,4096,
118482114,4096,
118522114,4096,
118562114,4096,
118602114,4096,
118642113,4096,
118682114,4096,
118722114,4096,
118762114,4096,
118802114,4096,
118842114,4096,
118882114,4096,
118922114,4096,
118962114,4096,
119002114,4096,
119042114,4096,
119082113,4096,
119122113,4096,
119162114,4096,
119202113,4096,
119242113,4096,
119282113,4096,
119322114,4096,
119362114,4096,
119402114,4096,
119442114,4096,
119482114,4096,
119522114,4096,
119562113,4096,
119602114,4096,
119642114,4096,
119682114,4096,
119722114,4096,
119762114,4096,
119802114,4096,
119842114,4096,
119882114,4096,
119922114,4096,
119962114,4096,
120002113,4096,
120042114,4096,
120082114,4096,
120122114,4096,
120162114,4096,
120202114,4096,
120242114,4096,
120282114,4096,
120322114,4096,
120362114,4096,
120402114,4096,
120442114,4096,
120482114,4096,
120522114,4096,
120562114,4096,
120602114,4096,
120642114,4096,
120682113,4096,
120722114,4096,
120762113,4096,
120802114,4096,
120842114,4096,
120882114,4096,
120922114,4096,
120962114,4096,
121002114,4096,
121042114,4096,
121082114,4096,
121122114,4096,
121162113,4096,
121202114,4096,
121242113,4096,
121282114,4096,
121322114,4096,
121362114,4096,
121402114,4096,
121442114,4096,
121482114,4096,
121522114,4096,
121562114,4096,
121602114,4096,
121642114,4096,
121682113,4096,
121722114,4096,
121762114,4096,
121802114,4096,
121842114,4096,
121882114,4096,
121922114,4096,
121962114,4096,
2880945664,17818,
122042113,4096,
122082114,4096,
122122114,4096,
122162113,4096,
122202114,4096,
122242114,4096,
122282113,4096,
122322114,4096,
122362113,4096,
122402114,4096,
122442114,4096,
122482113,4096,
122522114,4096,
122562114,4096,
122602114,4096,
122642114,4096,
122682114,4096,
122722114,4096,
122762114,4096,
122802114,4096,
122842114,4096,
122882114,4096,
122922114,4096,
122962114,4096,
123002114,4096,
123042114,4096,
123082114,4096,
123122114,4096,
123162114,4096,
123202114,4096,
123242114,4096,
123282114,4096,
123322113,4096,
123362113,4096,
123402114,4096,
123442113,4096,
123482113,4096,
123522114,4096,
123562113,4096,
123602114,4096,
123642114,4096,
123682114,4096,
123722114,4096,
123762114,4096,
123802114,4096,
123842113,4096,
123882114,4096,
123922113,4096,
123962114,4096,
124002114,4096,
124042114,4096,
124082114,4096,
124122114,4096,
124162114,4096,
124202114,4096,
124242114,4096,
124282113,4096,
124322114,4096,
124362114,4096,
124402113,4096,
124442114,4096,
124482114,4096,
124522114,4096,
124562114,4096,
124602114,4096,
124642113,4096,
124682114,4096,
124722114,4096,
124762114,4096,
124802114,4096,
124842113,4096,
124882114,4096,
124922114,4096,
124962114,4096,
125002113,4096,
125042114,4096,
125082114,4096,
125122114,4096,
125162114,4096,
125202114,4096,
125242114,4096,
125282113,4096,
125322113,4096,
125362114,4096,
125402114,4096,
125442113,4096,
125482114,4096,
125522114,4096,
125562114,4096,
125602114,4096,
125642113,4096,
125682114,4096,
125722114,4096,
125762114,4096,
125802114,4096,
125842114,4096,
125882114,4096,
125922114,4096,
125962114,4096,
4126981699,-31936,
126002114,4096,
126082113,4096,
126122114,4096,
126162114,4096,
126202114,4096,
126242114,4096,
126282114,4096,
126322114,4096,
126362114,4096,
126402114,4096,
126442114,4096,
126482113,4096,
126522114,4096,
126562113,4096,
126602114,4096,
126642114,4096,
126682114,4096,
126722114,4096,
126762114,4096,
126802114,4096,
126842113,4096,
126882114,4096,
126922114,4096,
126962114,4096,
127002114,4096,
127042114,4096,
127082113,4096,
127122114,4096,
127162114,4096,
127202114,4096,
127242114,4096,
127282114,4096,
127322114,4096,
127362114,4096,
127402114,4096,
127442114,4096,
127482114,4096,
127522113,4096,
127562114,4096,
127602114,4096,
127642114,4096,
127682114,4096,
127722113,4096,
127762114,4096,
127802114,4096,
127842114,4096,
127882114,4096,
127922114,4096,
127962114,4096,
128002114,4096,
128042113,4096,
128082114,4096,
128122114,4096,
128162114,4096,
128202114,4096,
128242114,4096,
128282114,4096,
128322113,4096,
128362114,4096,
128402114,4096,
128442114,4096,
128482113,4096,
128522114,4096,
128562114,4096,
128602114,4096,
128642114,4096,
128682114,4096,
128722114,4096,
128762114,4096,
128802114,4096,
128842114,4096,
128882114,4096,
128922114,4096,
128962114,4096,
129002113,4096,
129042114,4096,
129082114,4096,
129122114,4096,
129162113,4096,
129202114,4096,
129242113,4096,
129282114,4096,
129322114,4096,
129362113,4096,
129402113,4096,
129442114,4096,
129482114,4096,
129522114,4096,
129562114,4096,
129602113,4096,
129642114,4096,
129682113,4096,
129722113,4096,
129762113,4096,
129802114,4096,
129842113,4096,
129882114,4096,
129922114,4096,
129962114,4096,
130002114,4096,
130042114,4096,
4061183556,-16155,
130122113,4096,
130162114,4096,
130202114,4096,
130242114,4096,
130282114,4096,
130322114,4096,
130362114,4096,
130402113,4096,
130442114,4096,
130482114,4096,
130522113,4096,
130562114,4096,
130602114,4096,
130642114,4096,
130682114,4096,
130722114,4096,
130762114,4096,
130802114,4096,
130842114,4096,
130882114,4096,
130922114,4096,
130962113,4096,
131002113,4096,
131042113,4096,
131082114,4096,
131122114,4096,
131162114,4096,
131202114,4096,
131242114,4096,
131282114,4096,
131322114,4096,
131362114,4096,
131402114,4096,
131442114,4096,
131482114,4096,
131522113,4096,
131562113,4096,
131602114,4096,
131642114,4096,
131682114,4096,
131722114,4096,
131762114,4096,
131802113,4096,
131842114,4096,
131882114,4096,
131922114,4096,
131962114,4096,
132002114,4096,
132042114,4096,
132082114,4096,
132122114,4096,
132162114,4096,
132202114,4096,
132242114,4096,
132282113,4096,
132322114,4096,
132362114,4096,
132402114,4096,
132442114,4096,
132482114,4096,
132522114,4096,
132562114,4096,
132602114,4096,
132642114,4096,
132682113,4096,
132722114,4096,
132762114,4096,
132802113,4096,
132842113,4096,
132882114,4096,
132922114,4096,
132962114,4096,
133002113,4096,
133042114,4096,
133082113,4096,
133122113,4096,
133162114,4096,
133202114,4096,
133242114,4096,
133282114,4096,
133322113,4096,
133362114,4096,
133402114,4096,
133442114,4096,
133482114,4096,
133522114,4096,
133562114,4096,
133602114,4096,
133642114,4096,
133682113,4096,
133722114,4096,
133762114,4096,
133802114,4096,
133842113,4096,
133882114,4096,
133922114,4096,
133962114,4096,
134002114,4096,
134042114,4096,
134082113,4096,
2461384261,-374,
134162113,4096,
134202114,4096,
134242114,4096,
134282114,4096,
134322114,4096,
134362113,4096,
134402113,4096,
134442113,4096,
134482114,4096,
134522113,4096,
134562114,4096,
134602114,4096,
134642114,4096,
134682114,4096,
134722113,4096,
134762114,4096,
134802114,4096,
134842114,4096,
134882114,4096,
134922114,4096,
134962114,4096,
135002114,4096,
135042114,4096,
135082113,4096,
135122114,4096,
135162114,4096,
135202114,4096,
135242114,4096,
135282113,4096,
135322114,4096,
135362113,4096,
135402114,4096,
135442114,4096,
135482114,4096,
135522114,4096,
135562114,4096,
135602114,4096,
135642114,4096,
135682114,4096,
135722114,4096,
135762113,4096,
135802113,4096,
135842114,4096,
135882114,4096,
135922114,4096,
135962114,4096,
136002114,4096,
136042114,4096,
136082114,4096,
136122113,4096,
136162114,4096,
136202113,4096,
136242114,4096,
136282114,4096,
136322114,4096,
136362114,4096,
136402114,4096,
136442114,4096,
136482114,4096,
136522114,4096,
136562114,4096,
136602114,4096,
136642114,4096,
136682114,4096,
136722114,4096,
136762114,4096,
136802113,4096,
136842113,4096,
136882114,4096,
136922113,4096,
136962114,4096,
137002114,4096,
137042114,4096,
137082114,4096,
137122114,4096,
137162114,4096,
137202114,4096,
137242113,4096,
137282113,4096,
137322113,4096,
137362114,4096,
137402114,4096,
137442114,4096,
137482114,4096,
137522114,4096,
137562114,4096,
137602114,4096,
137642114,4096,
137682114,4096,
137722114,4096,
137762113,4096,
137802114,4096,
137842114,4096,
137882114,4096,
137922114,4096,
137962114,4096,
138002114,4096,
138042114,4096,
138082114,4096,
138122114,4096,
3447111238,15407,
138202113,4096,
138242114,4096,
138282114,4096,
138322114,4096,
138362114,4096,
138402114,4096,
138442113,4096,
138482114,4096,
138522114,4096,
138562114,4096,
138602113,4096,
138642114,4096,
138682114,4096,
138722114,4096,
138762114,4096,
138802114,4096,
138842113,4096,
138882114,4096,
138922114,4096,
138962113,4096,
139002114,4096,
139042114,4096,
139082114,4096,
139122113,4096,
139162113,4096,
139202113,4096,
139242114,4096,
139282113,4096,
139322114,4096,
139362114,4096,
139402113,4096,
139442114,4096,
139482114,4096,
139522114,4096,
139562114,4096,
139602114,4096,
139642114,4096,
139682114,4096,
139722114,4096,
139762114,4096,
139802113,4096,
139842114,4096,
139882114,4096,
139922114,4096,
139962114,4096,
140002114,4096,
140042114,4096,
140082114,4096,
140122114,4096,
140162114,4096,
140202114,4096,
140242114,4096,
140282114,4096,
140322114,4096,
140362114,4096,
140402114,4096,
140442114,4096,
140482114,4096,
140522114,4096,
140562114,4096,
140602113,4096,
140642113,4096,
140682114,4096,
140722114,4096,
140762114,4096,
140802114,4096,
140842114,4096,
140882114,4096,
140922113,4096,
140962114,4096,
141002114,4096,
141042114,4096,
141082114,4096,
141122114,4096,
141162114,4096,
141202114,4096,
141242114,4096,
141282113,4096,
141322114,4096,
141362114,4096,
141402114,4096,
141442114,4096,
141482113,4096,
141522114,4096,
141562114,4096,
141602114,4096,
141642113,4096,
141682113,4096,
141722114,4096,
141762114,4096,
141802114,4096,
141842114,4096,
141882114,4096,
141922114,4096,
141962113,4096,
142002114,4096,
142042114,4096,
142082114,4096,
142122114,4096,
142162114,4096,
2234564166,31189,
142242114,4096,
142282114,4096,
142322114,4096,
142362113,4096,
142402114,4096,
142442114,4096,
142482114,4096,
142522114,4096,
142562114,4096,
142602114,4096,
142642114,4096,
142682114,4096,
142722113,4096,
142762113,4096,
142802113,4096,
142842114,4096,
142882114,4096,
142922114,4096,
142962113,4096,
143002114,4096,
143042114,4096,
143082114,4096,
143122113,4096,
143162114,4096,
143202114,4096,
143242114,4096,
143282114,4096,
143322114,4096,
143362113,4096,
143402114,4096,
143442114,4096,
143482114,4096,
143522114,4096,
143562114,4096,
143602113,4096,
143642114,4096,
143682114,4096,
143722113,4096,
143762114,4096,
143802114,4096,
143842114,4096,
143882114,4096,
143922113,4096,
143962114,4096,
144002113,4096,
144042113,4096,
144082114,4096,
144122114,4096,
144162114,4096,
144202113,4096,
144242114,4096,
144282114,4096,
144322113,4096,
144362114,4096,
144402113,4096,
144442113,4096,
144482114,4096,
144522114,4096,
144562114,4096,
144602113,4096,
144642113,4096,
144682114,4096,
144722114,4096,
144762114,4096,
144802114,4096,
144842114,4096,
144882114,4096,
144922114,4096,
144962114,4096,
145002114,4096,
145042113,4096,
145082114,4096,
145122114,4096,
145162114,4096,
145202114,4096,
145242114,4096,
145282114,4096,
145322114,4096,
145362114,4096,
145402114,4096,
145442114,4096,
145482114,4096,
145522114,4096,
145562113,4096,
145602114,4096,
145642114,4096,
145682114,4096,
145722114,4096,
145762114,4096,
145802114,4096,
145842114,4096,
145882114,4096,
145922113,4096,
145962114,4096,
146002114,4096,
146042114,4096,
146082114,4096,
146122114,4096,
146162113,4096,
146202113,4096,
1330036295,-18566,
146282114,4096,
146322113,4096,
146362114,4096,
146402114,4096,
146442113,4096,
146482113,4096,
146522113,4096,
146562114,4096,
146602114,4096,
146642114,4096,
146682114,4096,
146722114,4096,
146762114,4096,
146802113,4096,
146842114,4096,
146882114,4096,
146922114,4096,
146962114,4096,
147002114,4096,
147042114,4096,
147082114,4096,
147122114,4096,
147162114,4096,
147202114,4096,
147242114,4096,
147282113,4096,
147322113,4096,
147362114,4096,
147402114,4096,
147442114,4096,
147482114,4096,
147522113,4096,
147562114,4096,
147602114,4096,
147642114,4096,
147682114,4096,
147722114,4096,
147762114,4096,
147802114,4096,
147842114,4096,
147882114,4096,
147922113,4096,
147962114,4096,
148002114,4096,
148042114,4096,
148082113,4096,
148122114,4096,
148162113,4096,
148202114,4096,
148242113,4096,
148282114,4096,
148322114,4096,
148362114,4096,
148402114,4096,
148442114,4096,
148482114,4096,
148522114,4096,
148562114,4096,
148602114,4096,
148642114,4096,
148682114,4096,
148722114,4096,
148762114,4096,
148802113,4096,
148842114,4096,
148882114,4096,
148922114,4096,
148962113,4096,
149002114,4096,
149042114,4096,
149082114,4096,
149122114,4096,
149162114,4096,
149202114,4096,
149242114,4096,
149282114,4096,
149322113,4096,
149362114,4096,
149402114,4096,
149442114,4096,
149482114,4096,
149522114,4096,
149562114,4096,
149602114,4096,
149642114,4096,
149682114,4096,
149722114,4096,
149762114,4096,
149802114,4096,
149842113,4096,
149882113,4096,
149922114,4096,
149962113,4096,
150002114,4096,
150042114,4096,
150082114,4096,
150122114,4096,
150162113,4096,
150202114,4096,
3069296200,-2785,
150242113,4096,
150322114,4096,
150362114,4096,
150402113,4096,
150442114,4096,
150482114,4096,
150522114,4096,
150562114,4096,
150602114,4096,
150642114,4096,
150682114,4096,
150722114,4096,
150762113,4096,
150802113,4096,
150842114,4096,
150882114,4096,
150922113,4096,
150962114,4096,
151002114,4096,
151042114,4096,
151082114,4096,
151122114,4096,
151162114,4096,
151202114,4096,
151242114,4096,
151282114,4096,
151322113,4096,
151362114,4096,
151402113,4096,
151442114,4096,
151482114,4096,
151522114,4096,
151562114,4096,
151602114,4096,
151642114,4096,
151682113,4096,
151722114,4096,
151762114,4096,
151802114,4096,
151842114,4096,
151882114,4096,
151922114,4096,
151962114,4096,
152002114,4096,
152042114,4096,
152082114,4096,
152122114,4096,
152162114,4096,
152202114,4096,
152242114,4096,
152282114,4096,
152322114,4096,
152362114,4096,
152402113,4096,
152442114,4096,
152482114,4096,
152522113,4096,
152562114,4096,
152602114,4096,
152642114,4096,
152682114,4096,
152722114,4096,
152762114,4096,
152802114,4096,
152842114,4096,
152882114,4096,
152922114,4096,
152962114,4096,
153002113,4096,
153042114,4096,
153082114,4096,
153122114,4096,
153162114,4096,
153202114,4096,
153242114,4096,
153282114,4096,
153322114,4096,
153362114,4096,
153402114,4096,
153442113,4096,
153482113,4096,
153522113,4096,
153562113,4096,
153602114,4096,
153642114,4096,
153682114,4096,
153722114,4096,
153762114,4096,
153802114,4096,
153842114,4096,
153882114,4096,
153922114,4096,
153962114,4096,
154002114,4096,
154042114,4096,
154082113,4096,
154122114,4096,
154162114,4096,
154202114,4096,
154242113,4096,
154282114,4096,
4035886664,12996,
154362113,4096,
154402114,4096,
154442113,4096,
154482113,4096,
154522114,4096,
154562114,4096,
154602114,4096,
154642114,4096,
154682114,4096,
154722114,4096,
154762114,4096,
154802114,4096,
154842114,4096,
154882114,4096,
154922114,4096,
154962114,4096,
155002113,4096,
155042114,4096,
155082114,4096,
155122114,4096,
155162113,4096,
155202114,4096,
155242114,4096,
155282114,4096,
155322113,4096,
155362113,4096,
155402114,4096,
155442114,4096,
155482113,4096,
155522114,4096,
155562114,4096,
155602114,4096,
155642114,4096,
155682114,4096,
155722114,4096,
155762114,4096,
155802114,4096,
155842113,4096,
155882113,4096,
155922114,4096,
155962114,4096,
156002114,4096,
156042113,4096,
156082114,4096,
156122114,4096,
156162114,4096,
156202114,4096,
156242114,4096,
156282114,4096,
156322114,4096,
156362114,4096,
156402114,4096,
156442113,4096,
156482114,4096,
156522113,4096,
156562113,4096,
156602114,4096,
156642114,4096,
156682114,4096,
156722114,4096,
156762114,4096,
156802114,4096,
156842113,4096,
156882114,4096,
156922114,4096,
156962113,4096,
157002114,4096,
157042113,4096,
157082114,4096,
157122114,4096,
157162114,4096,
157202114,4096,
157242114,4096,
157282114,4096,
157322113,4096,
157362114,4096,
157402114,4096,
157442114,4096,
157482114,4096,
157522114,4096,
157562114,4096,
157602114,4096,
157642114,4096,
157682114,4096,
157722113,4096,
157762113,4096,
157802113,4096,
157842114,4096,
157882114,4096,
157922114,4096,
157962114,4096,
158002114,4096,
158042114,4096,
158082114,4096,
158122114,4096,
158162114,4096,
158202114,4096,
158242114,4096,
158282113,4096,
158322113,4096,
985185865,28778,
158402114,4096,
158442114,4096,
158482114,4096,
158522114,4096,
158562114,4096,
158602114,4096,
158642114,4096,
158682114,4096,
158722114,4096,
158762114,4096,
158802114,4096,
158842114,4096,
158882114,4096,
158922113,4096,
158962113,4096,
159002114,4096,
159042114,4096,
159082114,4096,
159122114,4096,
159162114,4096,
159202113,4096,
159242113,4096,
159282114,4096,
159322114,4096,
159362114,4096,
159402114,4096,
159442114,4096,
159482114,4096,
159522114,4096,
159562114,4096,
159602114,4096,
159642114,4096,
159682114,4096,
159722113,4096,
159762114,4096,
159802113,4096,
159842113,4096,
159882114,4096,
159922114,4096,
159962114,4096,
160002114,4096,
160042114,4096,
160082114,4096,
160122113,4096,
160162113,4096,
160202113,4096,
160242113,4096,
160282114,4096,
160322114,4096,
160362113,4096,
160402114,4096,
160442114,4096,
160482114,4096,
160522114,4096,
160562114,4096,
160602113,4096,
160642113,4096,
160682113,4096,
160722114,4096,
160762114,4096,
160802114,4096,
160842114,4096,
160882113,4096,
160922114,4096,
160962114,4096,
161002114,4096,
161042113,4096,
161082113,4096,
161122114,4096,
161162114,4096,
161202114,4096,
161242114,4096,
161282114,4096,
161322114,4096,
161362113,4096,
161402114,4096,
161442114,4096,
161482114,4096,
161522113,4096,
161562114,4096,
161602114,4096,
161642114,4096,
161682113,4096,
161722114,4096,
161762114,4096,
161802114,4096,
161842114,4096,
161882113,4096,
161922114,4096,
161962114,4096,
162002114,4096,
162042114,4096,
162082114,4096,
162122114,4096,
162162114,4096,
162202114,4096,
162242114,4096,
162282114,4096,
162322114,4096,
162362114,4096,
1958592074,-20977,
162442114,4096,
162482114,4096,
162522114,4096,
162562113,4096,
162602114,4096,
162642113,4096,
162682114,4096,
162722114,4096,
162762114,4096,
162802114,4096,
162842113,4096,
162882114,4096,
162922114,4096,
162962113,4096,
163002114,4096,
163042114,4096,
163082113,4096,
163122114,4096,
163162114,4096,
163202114,4096,
163242114,4096,
163282114,4096,
163322114,4096,
163362114,4096,
163402113,4096,
163442114,4096,
163482114,4096,
163522114,4096,
163562114,4096,
163602114,4096,
163642114,4096,
163682114,4096,
163722113,4096,
163762114,4096,
163802114,4096,
163842114,4096,
163882114,4096,
163922114,4096,
163962114,4096,
164002114,4096,
164042114,4096,
164082114,4096,
164122114,4096,
164162114,4096,
164202114,4096,
164242114,4096,
164282113,4096,
164322114,4096,
164362114,4096,
164402114,4096,
164442113,4096,
164482114,4096,
164522113,4096,
164562114,4096,
164602114,4096,
164642113,4096,
164682114,4096,
164722114,4096,
164762114,4096,
164802114,4096,
164842114,4096,
164882114,4096,
164922114,4096,
164962114,4096,
165002114,4096,
165042114,4096,
165082114,4096,
165122114,4096,
165162114,4096,
165202114,4096,
165242114,4096,
165282114,4096,
165322114,4096,
165362114,4096,
165402114,4096,
165442114,4096,
165482114,4096,
165522114,4096,
165562114,4096,
165602113,4096,
165642114,4096,
165682114,4096,
165722113,4096,
165762114,4096,
165802114,4096,
165842114,4096,
165882113,4096,
165922114,4096,
165962113,4096,
166002114,4096,
166042114,4096,
166082113,4096,
166122114,4096,
166162114,4096,
166202114,4096,
166242114,4096,
166282114,4096,
166322114,4096,
166362114,4096,
96321098,-5196,
166402114,4096,
166482114,4096,
166522114,4096,
166562114,4096,
166602114,4096,
166642114,4096,
166682113,4096,
166722114,4096,
166762114,4096,
166802114,4096,
166842114,4096,
166882114,4096,
166922114,4096,
166962114,4096,
167002114,4096,
167042114,4096,
167082114,4096,
167122113,4096,
167162114,4096,
167202114,4096,
167242114,4096,
167282113,4096,
167322113,4096,
167362114,4096,
167402114,4096,
167442114,4096,
167482114,4096,
167522114,4096,
167562114,4096,
167602113,4096,
167642113,4096,
167682114,4096,
167722114,4096,
167762114,4096,
167802114,4096,
167842114,4096,
167882114,4096,
167922114,4096,
167962114,4096,
168002114,4096,
168042113,4096,
168082114,4096,
168122114,4096,
168162114,4096,
168202114,4096,
168242113,4096,
168282114,4096,
168322113,4096,
168362114,4096,
168402114,4096,
168442114,4096,
168482114,4096,
168522114,4096,
168562114,4096,
168602114,4096,
168642114,4096,
168682114,4096,
168722114,4096,
168762114,4096,
168802114,4096,
168842114,4096,
168882113,4096,
168922114,4096,
168962113,4096,
169002113,4096,
169042114,4096,
169082114,4096,
169122114,4096,
169162114,4096,
169202114,4096,
169242113,4096,
169282114,4096,
169322113,4096,
169362114,4096,
169402114,4096,
169442114,4096,
169482114,4096,
169522114,4096,
169562114,4096,
169602114,4096,
169642114,4096,
169682114,4096,
169722114,4096,
169762113,4096,
169802114,4096,
169842114,4096,
169882114,4096,
169922114,4096,
169962114,4096,
170002114,4096,
170042114,4096,
170082114,4096,
170122114,4096,
170162114,4096,
170202114,4096,
170242114,4096,
170282114,4096,
170322114,4096,
170362113,4096,
170402113,4096,
2795093579,10585,
170442114,4096,
170522114,4096,
170562113,4096,
170602114,4096,
170642114,4096,
170682114,4096,
170722114,4096,
170762113,4096,
170802114,4096,
170842114,4096,
170882114,4096,
170922114,4096,
170962114,4096,
171002114,4096,
171042114,4096,
171082114,4096,
171122114,4096,
171162114,4096,
171202114,4096,
171242114,4096,
171282114,4096,
171322113,4096,
171362114,4096,
171402114,4096,
171442114,4096,
171482114,4096,
171522114,4096,
171562114,4096,
171602114,4096,
171642114,4096,
171682114,4096,
171722113,4096,
171762114,4096,
171802114,4096,
171842114,4096,
171882113,4096,
171922114,4096,
171962113,4096,
172002114,4096,
172042114,4096,
172082114,4096,
172122113,4096,
172162114,4096,
172202113,4096,
172242113,4096,
172282114,4096,
172322114,4096,
172362114,4096,
172402114,4096,
172442113,4096,
172482113,4096,
172522114,4096,
172562114,4096,
172602113,4096,
172642114,4096,
172682114,4096,
172722113,4096,
172762114,4096,
172802114,4096,
172842114,4096,
172882114,4096,
172922114,4096,
172962114,4096,
173002114,4096,
173042114,4096,
173082114,4096,
173122114,4096,
173162114,4096,
173202114,4096,
173242113,4096,
173282114,4096,
173322114,4096,
173362114,4096,
173402113,4096,
173442113,4096,
173482114,4096,
173522113,4096,
173562114,4096,
173602114,4096,
173642113,4096,
173682114,4096,
173722114,4096,
173762114,4096,
173802114,4096,
173842114,4096,
173882114,4096,
173922114,4096,
173962114,4096,
174002113,4096,
174042114,4096,
174082114,4096,
174122114,4096,
174162114,4096,
174202114,4096,
174242114,4096,
174282114,4096,
174322114,4096,
174362114,4096,
174402114,4096,
174442114,4096,
174482114,4096,
174522114,4096,
2881535563,26523,
174602113,4096,
174642113,4096,
174682114,4096,
174722114,4096,
174762114,4096,
174802114,4096,
174842114,4096,
174882114,4096,
174922113,4096,
174962114,4096,
175002114,4096,
175042114,4096,
175082114,4096,
175122113,4096,
175162114,4096,
175202114,4096,
175242114,4096,
175282114,4096,
175322114,4096,
175362114,4096,
175402113,4096,
175442114,4096,
175482114,4096,
175522114,4096,
175562114,4096,
175602113,4096,
175642114,4096,
175682114,4096,
175722113,4096,
175762113,4096,
175802114,4096,
175842113,4096,
175882114,4096,
175922114,4096,
175962114,4096,
176002114,4096,
176042114,4096,
176082113,4096,
176122113,4096,
176162114,4096,
176202114,4096,
176242114,4096,
176282113,4096,
176322114,4096,
176362114,4096,
176402113,4096,
176442114,4096,
176482114,4096,
176522113,4096,
176562114,4096,
176602114,4096,
176642114,4096,
176682114,4096,
176722114,4096,
176762113,4096,
176802114,4096,
176842114,4096,
176882114,4096,
176922114,4096,
176962114,4096,
177002114,4096,
177042113,4096,
177082114,4096,
177122114,4096,
177162113,4096,
177202114,4096,
177242113,4096,
177282114,4096,
177322114,4096,
177362114,4096,
177402114,4096,
177442114,4096,
177482114,4096,
177522114,4096,
177562114,4096,
177602114,4096,
177642114,4096,
177682114,4096,
177722114,4096,
177762114,4096,
177802114,4096,
177842114,4096,
177882114,4096,
177922114,4096,
177962114,4096,
178002114,4096,
178042114,4096,
178082114,4096,
178122114,4096,
178162114,4096,
178202113,4096,
178242114,4096,
178282114,4096,
178322114,4096,
178362113,4096,
178402113,4096,
178442114,4096,
178482114,4096,
178522114,4096,
178562114,4096,
1421262412,-23076,
178602114,4096,
178682113,4096,
178762114,4096,
178802114,4096,
178842113,4096,
178882114,4096,
178922114,4096,
178962113,4096,
179002114,4096,
179042114,4096,
179082114,4096,
179122114,4096,
179162114,4096,
179202113,4096,
179242114,4096,
179282113,4096,
179322114,4096,
179362114,4096,
179402114,4096,
179442114,4096,
179482114,4096,
179522114,4096,
179562114,4096,
179602114,4096,
179642114,4096,
179682114,4096,
179722114,4096,
179762113,4096,
179802114,4096,
179842114,4096,
179882113,4096,
179922113,4096,
179962114,4096,
180002114,4096,
180042114,4096,
180082114,4096,
180122114,4096,
180162114,4096,
180202114,4096,
180242114,4096,
180282113,4096,
180322114,4096,
180362114,4096,
180402114,4096,
180442114,4096,
180482114,4096,
180522114,4096,
180562114,4096,
180602114,4096,
180642114,4096,
180682114,4096,
180722113,4096,
180762114,4096,
180802113,4096,
180842113,4096,
180882114,4096,
180922114,4096,
180962113,4096,
181002114,4096,
181042114,4096,
181082113,4096,
181122114,4096,
181162114,4096,
181202114,4096,
181242114,4096,
181282113,4096,
181322114,4096,
181362113,4096,
181402114,4096,
181442113,4096,
181482114,4096,
181522114,4096,
181562114,4096,
181602114,4096,
181642114,4096,
181682114,4096,
181722114,4096,
181762113,4096,
181802114,4096,
181842114,4096,
181882114,4096,
181922114,4096,
181962114,4096,
182002114,4096,
182042114,4096,
182082114,4096,
182122113,4096,
182162114,4096,
182202114,4096,
182242114,4096,
182282114,4096,
182322114,4096,
182362114,4096,
182402114,4096,
182442114,4096,
182482114,4096,
182522114,4096,
182562114,4096,
182602114,4096,
182642114,4096,
182682114,4096,
2383789645,-7138,
182762114,4096,
182802113,4096,
182842114,4096,
182882113,4096,
182922114,4096,
182962114,4096,
183002114,4096,
183042114,4096,
183082114,4096,
183122113,4096,
183162114,4096,
183202114,4096,
183242114,4096,
183282114,4096,
183322114,4096,
183362114,4096,
183402114,4096,
183442114,4096,
183482114,4096,
183522114,4096,
183562114,4096,
183602114,4096,
183642114,4096,
183682114,4096,
183722114,4096,
183762114,4096,
183802114,4096,
183842114,4096,
183882114,4096,
183922114,4096,
183962114,4096,
184002114,4096,
184042113,4096,
184082114,4096,
184122114,4096,
184162114,4096,
184202114,4096,
184242114,4096,
184282114,4096,
184322114,4096,
184362114,4096,
184402114,4096,
184442114,4096,
184482114,4096,
184522114,4096,
184562113,4096,
184602113,4096,
184642114,4096,
184682114,4096,
184722114,4096,
184762114,4096,
184802114,4096,
184842114,4096,
184882114,4096,
184922114,4096,
184962114,4096,
185002114,4096,
185042114,4096,
185082113,4096,
185122114,4096,
185162114,4096,
185202114,4096,
185242113,4096,
185282114,4096,
185322114,4096,
185362113,4096,
185402114,4096,
185442114,4096,
185482114,4096,
185522114,4096,
185562114,4096,
185602114,4096,
185642114,4096,
185682114,4096,
185722113,4096,
185762114,4096,
185802114,4096,
185842114,4096,
185882114,4096,
185922114,4096,
185962114,4096,
186002114,4096,
186042114,4096,
186082114,4096,
186122113,4096,
186162114,4096,
186202114,4096,
186242113,4096,
186282114,4096,
186322114,4096,
186362114,4096,
186402114,4096,
186442114,4096,
186482114,4096,
186522114,4096,
186562113,4096,
186602114,4096,
186642114,4096,
186682114,4096,
186722114,4096,
3206856270,8799,
186762114,4096,
186842114,4096,
186882114,4096,
186922113,4096,
186962114,4096,
187002114,4096,
187042114,4096,
187082114,4096,
187122114,4096,
187162114,4096,
187202114,4096,
187242114,4096,
187282114,4096,
187322113,4096,
187362113,4096,
187402114,4096,
187442114,4096,
187482114,4096,
187522114,4096,
187562113,4096,
187602114,4096,
187642114,4096,
187682114,4096,
187722114,4096,
187762114,4096,
187802114,4096,
187842114,4096,
187882114,4096,
187922114,4096,
187962114,4096,
188002114,4096,
188042114,4096,
188082114,4096,
188122114,4096,
188162114,4096,
188202113,4096,
188242114,4096,
188282114,4096,
188322113,4096,
188362114,4096,
188402114,4096,
188442113,4096,
188482114,4096,
188522114,4096,
188562114,4096,
188602114,4096,
188642114,4096,
188682114,4096,
188722113,4096,
188762113,4096,
188802113,4096,
188842114,4096,
188882113,4096,
188922114,4096,
188962113,4096,
189002114,4096,
189042114,4096,
189082114,4096,
189122114,4096,
189162114,4096,
189202114,4096,
189242114,4096,
189282114,4096,
189322114,4096,
189362114,4096,
189402114,4096,
189442114,4096,
189482114,4096,
189522114,4096,
189562114,4096,
189602114,4096,
189642114,4096,
189682114,4096,
189722114,4096,
189762113,4096,
189802114,4096,
189842114,4096,
189882114,4096,
189922113,4096,
189962114,4096,
190002114,4096,
190042114,4096,
190082114,4096,
190122114,4096,
190162114,4096,
190202114,4096,
190242114,4096,
190282114,4096,
190322114,4096,
190362113,4096,
190402114,4096,
190442114,4096,
190482114,4096,
190522113,4096,
190562114,4096,
190602114,4096,
190642114,4096,
190682114,4096,
190722114,4096,
190762113,4096,
190802114,4096,
190842114,4096,
1379909199,24737,
190922114,4096,
190962114,4096,
191002113,4096,
191042113,4096,
191082114,4096,
191122114,4096,
191162113,4096,
191202114,4096,
191242114,4096,
191282113,4096,
191322113,4096,
191362114,4096,
191402114,4096,
191442114,4096,
191482114,4096,
191522114,4096,
191562114,4096,
191602114,4096,
191642114,4096,
191682114,4096,
191722114,4096,
191762114,4096,
191802113,4096,
191842114,4096,
191882114,4096,
191922113,4096,
191962113,4096,
192002113,4096,
192042114,4096,
192082114,4096,
192122114,4096,
192162113,4096,
192202114,4096,
192242114,4096,
192282114,4096,
192322114,4096,
192362113,4096,
192402114,4096,
192442114,4096,
192482114,4096,
192522114,4096,
192562114,4096,
192602113,4096,
192642114,4096,
192682114,4096,
192722114,4096,
192762114,4096,
192802114,4096,
192842114,4096,
192882114,4096,
192922114,4096,
192962114,4096,
193002114,4096,
193042113,4096,
193082114,4096,
193122114,4096,
193162114,4096,
193202114,4096,
193242114,4096,
193282114,4096,
193322114,4096,
193362114,4096,
193402114,4096,
193442114,4096,
193482114,4096,
193522114,4096,
193562114,4096,
193602113,4096,
193642114,4096,
193682114,4096,
193722114,4096,
193762114,4096,
193802114,4096,
193842114,4096,
193882114,4096,
193922113,4096,
193962114,4096,
194002114,4096,
194042114,4096,
194082114,4096,
194122113,4096,
194162114,4096,
194202114,4096,
194242114,4096,
194282114,4096,
194322114,4096,
194362114,4096,
194402114,4096,
194442114,4096,
194482114,4096,
194522114,4096,
194562114,4096,
194602114,4096,
194642114,4096,
194682114,4096,
194722114,4096,
194762113,4096,
194802114,4096,
194842114,4096,
194882113,4096,
194922114,4096,
3191979600,-24862,
195002113,4096,
195042114,4096,
195082114,4096,
195122114,4096,
195162114,4096,
195202114,4096,
195242114,4096,
195282114,4096,
195322113,4096,
195362114,4096,
195402114,4096,
195442113,4096,
195482114,4096,
195522114,4096,
195562114,4096,
195602114,4096,
195642114,4096,
195682114,4096,
195722113,4096,
195762114,4096,
195802114,4096,
195842114,4096,
195882114,4096,
195922114,4096,
195962114,4096,
196002114,4096,
196042114,4096,
196082113,4096,
196122114,4096,
196162114,4096,
196202114,4096,
196242114,4096,
196282113,4096,
196322114,4096,
196362114,4096,
196402114,4096,
196442114,4096,
196482113,4096,
196522114,4096,
196562114,4096,
196602114,4096,
196642114,4096,
196682114,4096,
196722114,4096,
196762114,4096,
196802114,4096,
196842114,4096,
196882114,4096,
196922114,4096,
196962114,4096,
197002114,4096,
197042113,4096,
197082114,4096,
197122114,4096,
197162114,4096,
197202114,4096,
197242114,4096,
197282114,4096,
197322114,4096,
197362114,4096,
197402114,4096,
197442114,4096,
197482114,4096,
197522114,4096,
197562114,4096,
197602113,4096,
197642114,4096,
197682114,4096,
197722114,4096,
197762114,4096,
197802114,4096,
197842114,4096,
197882114,4096,
197922114,4096,
197962114,4096,
198002114,4096,
198042114,4096,
198082114,4096,
198122114,4096,
198162114,4096,
198202114,4096,
198242114,4096,
198282114,4096,
198322113,4096,
198362114,4096,
198402113,4096,
198442114,4096,
198482113,4096,
198522114,4096,
198562114,4096,
198602114,4096,
198642114,4096,
198682114,4096,
198722114,4096,
198762114,4096,
198802114,4096,
198842113,4096,
198882114,4096,
198922114,4096,
198962114,4096,
199002114,4096,
992824415,10763,
199082114,4096,
199122114,4096,
199162114,4096,
199202114,4096,
199242114,4096,
199282113,4096,
199322114,4096,
199362114,4096,
199402114,4096,
199442114,4096,
199482113,4096,
199522113,4096,
199562114,4096,
199602114,4096,
199642114,4096,
199682114,4096,
199722114,4096,
199762114,4096,
199802114,4096,
199842114,4096,
199882113,4096,
199922114,4096,
199962114,4096,
200002114,4096,
200042114,4096,
200082113,4096,
200122114,4096,
200162114,4096,
200202114,4096,
200242114,4096,
200282114,4096,
200322114,4096,
200362114,4096,
200402114,4096,
200442113,4096,
200482114,4096,
200522114,4096,
200562114,4096,
200602113,4096,
200642113,4096,
200682114,4096,
200722114,4096,
200762114,4096,
200802114,4096,
200842114,4096,
200882114,4096,
200922114,4096,
200962114,4096,
201002114,4096,
201042114,4096,
201082114,4096,
201122114,4096,
201162114,4096,
201202114,4096,
201242114,4096,
201282114,4096,
201322114,4096,
201362114,4096,
201402114,4096,
201442113,4096,
201482114,4096,
201522114,4096,
201562114,4096,
201602114,4096,
201642114,4096,
201682114,4096,
201722114,4096,
201762114,4096,
201802114,4096,
201842114,4096,
201882114,4096,
201922114,4096,
201962114,4096,
202002114,4096,
202042113,4096,
202082114,4096,
202122114,4096,
202162114,4096,
202202114,4096,
202242114,4096,
202282114,4096,
202322113,4096,
202362114,4096,
202402114,4096,
202442114,4096,
202482113,4096,
202522114,4096,
202562113,4096,
202602113,4096,
202642113,4096,
202682114,4096,
202722114,4096,
202762114,4096,
202802114,4096,
202842114,4096,
202882114,4096,
202922114,4096,
202962114,4096,
203002113,4096,
203042114,4096,
203082114,4096,
1668202066,7013,
203162114,4096,
203202114,4096,
203242114,4096,
203282114,4096,
203322113,4096,
203362114,4096,
203402114,4096,
203442114,4096,
203482114,4096,
203522113,4096,
203562114,4096,
203602114,4096,
203642114,4096,
203682114,4096,
203722114,4096,
203762113,4096,
203802113,4096,
203842114,4096,
203882114,4096,
203922114,4096,
203962114,4096,
204002114,4096,
204042114,4096,
204082114,4096,
204122114,4096,
204162114,4096,
204202114,4096,
204242114,4096,
204282114,4096,
204322114,4096,
204362114,4096,
204402114,4096,
204442114,4096,
204482113,4096,
204522114,4096,
204562114,4096,
204602114,4096,
204642113,4096,
204682114,4096,
204722114,4096,
204762114,4096,
204802114,4096,
204842113,4096,
204882113,4096,
204922114,4096,
204962114,4096,
205002114,4096,
205042114,4096,
205082114,4096,
205122114,4096,
205162114,4096,
205202114,4096,
205242114,4096,
205282113,4096,
205322114,4096,
205362114,4096,
205402113,4096,
205442114,4096,
205482114,4096,
205522114,4096,
205562114,4096,
205602114,4096,
205642114,4096,
205682114,4096,
205722114,4096,
205762114,4096,
205802114,4096,
205842114,4096,
205882114,4096,
205922114,4096,
205962114,4096,
206002113,4096,
206042114,4096,
206082114,4096,
206122114,4096,
206162114,4096,
206202114,4096,
206242114,4096,
206282114,4096,
206322114,4096,
206362114,4096,
206402114,4096,
206442114,4096,
206482114,4096,
206522114,4096,
206562114,4096,
206602114,4096,
206642114,4096,
206682114,4096,
206722114,4096,
206762114,4096,
206802113,4096,
206842114,4096,
206882113,4096,
206922114,4096,
206962114,4096,
207002114,4096,
207042114,4096,
207082114,4096,
207122114,4096,
166379091,22951,
207162114,4096,
207242114,4096,
207282114,4096,
207322114,4096,
207362114,4096,
207402114,4096,
207442113,4096,
207482114,4096,
207522113,4096,
207562114,4096,
207602114,4096,
207642113,4096,
207682113,4096,
207722114,4096,
207762114,4096,
207802114,4096,
207842113,4096,
207882113,4096,
207922114,4096,
207962114,4096,
208002114,4096,
208042114,4096,
208082114,4096,
208122114,4096,
208162113,4096,
208202113,4096,
208242114,4096,
208282113,4096,
208322113,4096,
208362114,4096,
208402114,4096,
208442113,4096,
208482114,4096,
208522114,4096,
208562113,4096,
208602114,4096,
208642114,4096,
208682114,4096,
208722114,4096,
208762114,4096,
208802113,4096,
208842113,4096,
208882114,4096,
208922114,4096,
208962113,4096,
209002114,4096,
209042114,4096,
209082114,4096,
209122114,4096,
209202113,4096,
209242114,4096,
209282114,4096,
209322113,4096,
209362114,4096,
209402114,4096,
209442114,4096,
209482114,4096,
209522114,4096,
209562114,4096,
209602114,4096,
209642113,4096,
209682113,4096,
209722114,4096,
209762113,4096,
209802114,4096,
209842114,4096,
209882114,4096,
209922114,4096,
209962114,4096,
210002114,4096,
210042114,4096,
210082114,4096,
210122114,4096,
210162114,4096,
210202114,4096,
210242114,4096,
210282114,4096,
210322114,4096,
210362114,4096,
210402114,4096,
210442114,4096,
210482114,4096,
210522114,4096,
210562113,4096,
210602114,4096,
210642114,4096,
210682114,4096,
210722114,4096,
210762114,4096,
210802114,4096,
210842114,4096,
210882114,4096,
210922114,4096,
210962114,4096,
211002114,4096,
211042114,4096,
211082114,4096,
211122114,4096,
211162114,4096,
211202114,4096,
915062356,-26648,
211242114,4096,
211322114,4096,
211362114,4096,
211402114,4096,
211442114,4096,
211482114,4096,
211522114,4096,
211562114,4096,
211602114,4096,
211642114,4096,
211682114,4096,
211722114,4096,
211762114,4096,
211802114,4096,
211842113,4096,
211882114,4096,
211922114,4096,
211962113,4096,
212002114,4096,
212042113,4096,
212082114,4096,
212122114,4096,
212162114,4096,
212202114,4096,
212242114,4096,
212282114,4096,
212322114,4096,
212362114,4096,
212402114,4096,
212442114,4096,
212482114,4096,
212522114,4096,
212562113,4096,
212602114,4096,
212642114,4096,
212682114,4096,
212722114,4096,
212762113,4096,
212802114,4096,
212842114,4096,
212882114,4096,
212922113,4096,
212962114,4096,
213002114,4096,
213042114,4096,
213082114,4096,
213122114,4096,
213162114,4096,
213202114,4096,
213242114,4096,
213282114,4096,
213322114,4096,
213362114,4096,
213402114,4096,
213442114,4096,
213482114,4096,
213522114,4096,
213562114,4096,
213602114,4096,
213642113,4096,
213682114,4096,
213722113,4096,
213762114,4096,
213802114,4096,
213842114,4096,
213882114,4096,
213922113,4096,
213962114,4096,
214002113,4096,
214042114,4096,
214082114,4096,
214122113,4096,
214162114,4096,
214202114,4096,
214242114,4096,
214282114,4096,
214322114,4096,
214362114,4096,
214402114,4096,
214442114,4096,
214482114,4096,
214522114,4096,
214562114,4096,
214602114,4096,
214642114,4096,
214682114,4096,
214722114,4096,
214762113,4096,
214802114,4096,
214842114,4096,
214882114,4096,
214922114,4096,
214962113,4096,
215002114,4096,
215042113,4096,
215082114,4096,
215122113,4096,
215162114,4096,
215202114,4096,
215242113,4096,
215282114,4096,
215322114,4096,
215402114,4096,
215442114,4096,
215482114,4096,
215522114,4096,
215562113,4096,
215602113,4096,
215642114,4096,
215682113,4096,
215722114,4096,
215762114,4096,
215802114,4096,
215842114,4096,
215882114,4096,
215922114,4096,
215962114,4096,
216002113,4096,
216042114,4096,
216082113,4096,
216122114,4096,
216162114,4096,
216202114,4096,
216242114,4096,
216282114,4096,
216322114,4096,
216362114,4096,
216402114,4096,
216442114,4096,
216482114,4096,
216522113,4096,
216562113,4096,
216602114,4096,
216642114,4096,
216682114,4096,
216722114,4096,
216762114,4096,
216802114,4096,
216842114,4096,
216882114,4096,
216922114,4096,
216962114,4096,
217002113,4096,
217042113,4096,
217082113,4096,
217122113,4096,
217162113,4096,
217202114,4096,
217242113,4096,
217282113,4096,
217322114,4096,
217362114,4096,
217402114,4096,
217442114,4096,
217482114,4096,
217522114,4096,
217562114,4096,
217602114,4096,
217642114,4096,
217682114,4096,
217722114,4096,
217762114,4096,
217802113,4096,
217842114,4096,
217882114,4096,
217922114,4096,
217962114,4096,
218002114,4096,
218042114,4096,
218082114,4096,
218122114,4096,
218162113,4096,
218202114,4096,
218242114,4096,
218282114,4096,
218322114,4096,
218362113,4096,
218402114,4096,
218442114,4096,
218482114,4096,
218522114,4096,
218562113,4096,
218602114,4096,
218642114,4096,
218682114,4096,
218722114,4096,
218762114,4096,
218802114,4096,
218842114,4096,
218882114,4096,
218922113,4096,
218962114,4096,
219002114,4096,
219042114,4096,
219082114,4096,
219122114,4096,
219162113,4096,
219202114,4096,
219242114,4096,
219282114,4096,
219322114,4096,
219362113,4096,
1699659350,5227,
219402114,4096,
219482114,4096,
219522114,4096,
219562114,4096,
219602114,4096,
219642114,4096,
219682114,4096,
219722114,4096,
219762113,4096,
219802114,4096,
219842114,4096,
219882114,4096,
219922114,4096,
3149642683,-17477,
220002114,4096,
220042114,4096,
220082114,4096,
220122113,4096,
220162114,4096,
220202114,4096,
220242113,4096,
220282113,4096,
220322114,4096,
220362114,4096,
220402114,4096,
220442114,4096,
220482113,4096,
220522114,4096,
220562114,4096,
220602114,4096,
220642114,4096,
220682114,4096,
220722113,4096,
220762114,4096,
220802114,4096,
220842114,4096,
220882113,4096,
220922114,4096,
220962114,4096,
221002114,4096,
221042113,4096,
221082114,4096,
221122114,4096,
221162113,4096,
221202114,4096,
221242114,4096,
221282113,4096,
221322114,4096,
221362113,4096,
221402114,4096,
221442113,4096,
221482114,4096,
221522114,4096,
221562114,4096,
221602114,4096,
221642113,4096,
221682114,4096,
221722114,4096,
221762113,4096,
221802114,4096,
221842114,4096,
221882113,4096,
221922114,4096,
221962113,4096,
222002114,4096,
222042114,4096,
222082114,4096,
222122114,4096,
222162114,4096,
222202113,4096,
222242114,4096,
222282114,4096,
222322114,4096,
222362114,4096,
222402114,4096,
222442114,4096,
222482113,4096,
222522114,4096,
222562114,4096,
222602114,4096,
222642113,4096,
222682113,4096,
222722114,4096,
222762114,4096,
222802114,4096,
222842114,4096,
222882114,4096,
222922114,4096,
222962114,4096,
223002114,4096,
223042113,4096,
223082113,4096,
223122114,4096,
223162114,4096,
223202114,4096,
223242114,4096,
223282114,4096,
223322114,4096,
223362114,4096,
223402114,4096,
223442114,4096,
223482114,4096,
2872557143,21165,
223562114,4096,
223642114,4096,
223682113,4096,
223722114,4096,
223762114,4096,
223802114,4096,
223842114,4096,
223882114,4096,
223922114,4096,
223962114,4096,
224002114,4096,
224042114,4096,
224082114,4096,
224122114,4096,
224162114,4096,
224202113,4096,
224242114,4096,
224282114,4096,
224322114,4096,
224362114,4096,
224402114,4096,
224442114,4096,
224482114,4096,
224522114,4096,
224562114,4096,
224602114,4096,
224642114,4096,
224682114,4096,
224722114,4096,
224762114,4096,
224802114,4096,
224842114,4096,
224882114,4096,
224922114,4096,
224962114,4096,
225002114,4096,
225042113,4096,
225082114,4096,
225122114,4096,
225162114,4096,
225202114,4096,
225242113,4096,
225282114,4096,
225322114,4096,
225362114,4096,
225402114,4096,
225442113,4096,
225482114,4096,
225522114,4096,
225562114,4096,
225602114,4096,
225642114,4096,
225682114,4096,
225722113,4096,
225762114,4096,
225802114,4096,
225842113,4096,
225882113,4096,
225922113,4096,
225962113,4096,
226002114,4096,
226042114,4096,
226082114,4096,
226122114,4096,
226162114,4096,
226202113,4096,
226242114,4096,
226282113,4096,
226322114,4096,
226362114,4096,
226402113,4096,
226442114,4096,
226482113,4096,
226522114,4096,
226562114,4096,
226602114,4096,
226642114,4096,
226682114,4096,
226722114,4096,
226762114,4096,
226802114,4096,
226842114,4096,
226882114,4096,
226922114,4096,
226962114,4096,
227002114,4096,
227042114,4096,
227082114,4096,
227122113,4096,
227162114,4096,
227202113,4096,
227242114,4096,
227282114,4096,
227322114,4096,
227362114,4096,
227402114,4096,
227442113,4096,
227482114,4096,
227522114,4096,
227562114,4096,
3127950936,-28434,
227642114,4096,
227682114,4096,
227722114,4096,
227762114,4096,
227802114,4096,
227842114,4096,
227882114,4096,
227922114,4096,
227962114,4096,
228002114,4096,
228042113,4096,
228082114,4096,
228122114,4096,
228162114,4096,
228202114,4096,
228242114,4096,
228282114,4096,
228322114,4096,
228362114,4096,
228402114,4096,
228442114,4096,
228482114,4096,
228522114,4096,
228562113,4096,
228602114,4096,
228642113,4096,
228682114,4096,
228722113,4096,
228762114,4096,
228802114,4096,
228842114,4096,
228882114,4096,
228922114,4096,
228962114,4096,
229002114,4096,
229042113,4096,
229082114,4096,
229122114,4096,
229162114,4096,
229202114,4096,
229242114,4096,
229282114,4096,
229322114,4096,
229362114,4096,
229402114,4096,
229442114,4096,
229482114,4096,
229522114,4096,
229562114,4096,
229602114,4096,
229642114,4096,
229682114,4096,
229722114,4096,
229762114,4096,
229802114,4096,
229842114,4096,
229882114,4096,
229922113,4096,
229962113,4096,
230002114,4096,
230042113,4096,
230082114,4096,
230122114,4096,
230162114,4096,
230202113,4096,
230242113,4096,
230282113,4096,
230322114,4096,
230362114,4096,
230402114,4096,
230442113,4096,
230482114,4096,
230522113,4096,
230562114,4096,
230602114,4096,
230642114,4096,
230682114,4096,
230722114,4096,
230762114,4096,
230802114,4096,
230842114,4096,
230882113,4096,
230922113,4096,
230962114,4096,
231002113,4096,
231042113,4096,
231082114,4096,
231122114,4096,
231162114,4096,
231202114,4096,
231242114,4096,
231282114,4096,
231322114,4096,
231362114,4096,
231402114,4096,
231442114,4096,
231482114,4096,
231522114,4096,
231562114,4096,
231602114,4096,
231642114,4096,
231682114,4096,
3507142233,-12340,
231762113,4096,
231802114,4096,
231842114,4096,
231882114,4096,
231922113,4096,
231962114,4096,
232002114,4096,
232042114,4096,
232082113,4096,
232122114,4096,
232162113,4096,
232202114,4096,
232242114,4096,
232282114,4096,
232322114,4096,
232362114,4096,
232402114,4096,
232442114,4096,
232482114,4096,
232522114,4096,
232562114,4096,
232602114,4096,
232642114,4096,
232682114,4096,
232722114,4096,
232762114,4096,
232802113,4096,
232842113,4096,
232882114,4096,
232922114,4096,
232962114,4096,
233002114,4096,
233042114,4096,
233082114,4096,
233122114,4096,
233162114,4096,
233202113,4096,
233242114,4096,
233282113,4096,
233322113,4096,
233362114,4096,
233402114,4096,
233442114,4096,
233482114,4096,
233522114,4096,
233562114,4096,
233602114,4096,
233642114,4096,
233682114,4096,
233722114,4096,
233762114,4096,
233802114,4096,
233842114,4096,
233882114,4096,
233922114,4096,
233962114,4096,
234002114,4096,
234042114,4096,
234082114,4096,
234122113,4096,
234162113,4096,
234202114,4096,
234242114,4096,
234282114,4096,
234322114,4096,
234362114,4096,
234402113,4096,
234442114,4096,
234482114,4096,
234522114,4096,
234562114,4096,
234602114,4096,
234642113,4096,
234682113,4096,
234722113,4096,
234762114,4096,
234802114,4096,
234842114,4096,
234882114,4096,
234922114,4096,
234962114,4096,
235002114,4096,
235042113,4096,
235082114,4096,
235122114,4096,
235162114,4096,
235202114,4096,
235242114,4096,
235282114,4096,
235322114,4096,
235362114,4096,
235402113,4096,
235442113,4096,
235482114,4096,
235522114,4096,
235562114,4096,
235602114,4096,
235642114,4096,
235682114,4096,
235722114,4096,
235762114,4096,
2315632218,3754,
235802114,4096,
235882114,4096,
235922114,4096,
235962114,4096,
236002113,4096,
236042114,4096,
236082114,4096,
236122114,4096,
236162114,4096,
236202113,4096,
236242114,4096,
236282114,4096,
236322114,4096,
236362113,4096,
236402113,4096,
236442114,4096,
236482114,4096,
236522114,4096,
236562114,4096,
236602114,4096,
236642114,4096,
236682114,4096,
236722114,4096,
236762114,4096,
236802114,4096,
236842113,4096,
236882114,4096,
236922114,4096,
236962114,4096,
237002114,4096,
237042114,4096,
237082113,4096,
237122114,4096,
237162113,4096,
237202114,4096,
237242114,4096,
237282114,4096,
237322114,4096,
237362114,4096,
237402114,4096,
237442114,4096,
237482114,4096,
237522114,4096,
237562114,4096,
237602113,4096,
237642114,4096,
237682114,4096,
237722114,4096,
237762114,4096,
237802114,4096,
237842114,4096,
237882114,4096,
237922113,4096,
237962114,4096,
238002114,4096,
238042114,4096,
238082114,4096,
238122114,4096,
238162113,4096,
238202114,4096,
238242114,4096,
238282114,4096,
238322113,4096,
238362114,4096,
238402114,4096,
238442114,4096,
238482114,4096,
238522114,4096,
238562114,4096,
238602114,4096,
238642114,4096,
238682113,4096,
238722114,4096,
238762113,4096,
238802114,4096,
238842114,4096,
238882114,4096,
238922113,4096,
238962114,4096,
239002113,4096,
239042113,4096,
239082113,4096,
239122113,4096,
239162114,4096,
239202114,4096,
239242114,4096,
239282114,4096,
239322114,4096,
239362114,4096,
239402114,4096,
239442114,4096,
239482113,4096,
239522114,4096,
239562114,4096,
239602113,4096,
239642114,4096,
239682114,4096,
239722113,4096,
239762114,4096,
239802114,4096,
239842114,4096,
239882113,4096,
239922114,4096,
445103707,20004,
239962114,4096,
240042114,4096,
240082114,4096,
240122114,4096,
240162113,4096,
240202114,4096,
240242113,4096,
240282113,4096,
240322114,4096,
240362114,4096,
240402114,4096,
240442114,4096,
240482113,4096,
240522113,4096,
240562114,4096,
240602114,4096,
240642114,4096,
240682114,4096,
240722113,4096,
240762114,4096,
240802114,4096,
240842114,4096,
240882114,4096,
240922114,4096,
240962114,4096,
241002114,4096,
241042114,4096,
241082113,4096,
241122114,4096,
241162113,4096,
241202114,4096,
241242114,4096,
241282114,4096,
241322114,4096,
241362113,4096,
241402114,4096,
241442114,4096,
241482114,4096,
241522114,4096,
241562114,4096,
241602114,4096,
241642114,4096,
241682114,4096,
241722114,4096,
241762114,4096,
241802114,4096,
241842114,4096,
241882114,4096,
241922113,4096,
241962114,4096,
242002114,4096,
242042114,4096,
242082114,4096,
242122114,4096,
242162114,4096,
242202113,4096,
242242114,4096,
242282113,4096,
242322114,4096,
242362114,4096,
242402113,4096,
242442114,4096,
242482114,4096,
242522114,4096,
242562114,4096,
242602114,4096,
242642114,4096,
242682114,4096,
242722114,4096,
242762114,4096,
242802114,4096,
242842114,4096,
242882114,4096,
242922113,4096,
242962114,4096,
243002113,4096,
243042114,4096,
243082114,4096,
243122114,4096,
243162114,4096,
243202114,4096,
243242114,4096,
243282113,4096,
243322114,4096,
243362113,4096,
243402113,4096,
243442114,4096,
