756602108,45843,
757122108,45045,
757122108,45045,
757162106,45213,
756722106,45267,
84522554,21053,
757042106,45444,
757282107,44636,
757322108,45363,
757242108,45851,
2720317242,14855,
757162106,45213,
756642108,45317,
757082107,46339,
757202107,46146,
757042106,45444,
757362108,45739,
756682107,46459,
757082107,46339,
757402107,45708,
757442106,45164,
757482106,44852,
757522108,45116,
757562106,45947,
757602106,44981,
757642106,45348,
757682106,45205,
757722106,45843,
757762108,45484,
757802106,45164,
757842108,45436,
757882106,45076,
757922106,45556,
757962107,46171,
758002108,45236,
758042106,44821,
758082106,45419,
758122106,46034,
758162108,45731,
758202106,45731,
758242106,45157,
758282108,45419,
758322106,44557,
758362108,45020,
758402106,45205,
758442108,44996,
758482108,45373,
758522108,45460,
758562108,45020,
758642108,44989,
758682106,46059,
758722106,44829,
758762106,45052,
758802106,45764,
758842106,45396,
758882108,45475,
758922108,45988,
758962108,45620,
759002108,45604,
759042106,45172,
759082108,46347,
759122108,45731,
759162106,45172,
759202106,45876,
759242106,45564,
759282108,44869,
759322108,45259,
759362108,44989,
759402106,45468,
759442106,45955,
759482106,45307,
759522108,45882,
759562108,45164,
759602106,45978,
759642108,45699,
759682108,45205,
759722106,44932,
759762108,46251,
759802108,45556,
759842108,45043,
759882106,44781,
759922108,45523,
759962107,45363,
760002106,45004,
760042108,45523,
760082108,44692,
760122106,45787,
760162108,45803,
760202108,45843,
760242107,45795,
760282106,44820,
760322108,45531,
760362108,44517,
760402108,45619,
760442108,45867,
760482106,45099,
760522108,45491,
1911373059,48943,
760562107,45612,
760642106,45220,
760682106,46634,
760722107,45317,
760762108,45451,
760802106,45132,
760842108,45715,
760882108,45938,
760922107,45635,
760962106,45882,
761002108,45803,
761042108,45459,
761082107,45795,
761122106,45795,
761162106,45683,
761202108,44939,
761242106,45084,
761282106,45412,
761322108,45307,
761362108,45723,
761402107,44532,
761442108,46186,
761482108,45116,
761522107,45259,
761562106,45251,
761602108,46138,
761642107,45523,
761682108,45483,
761722108,45779,
761762106,45116,
761802108,45020,
761842108,46106,
761882106,45483,
761922106,45427,
761962108,45627,
762002106,44204,
762042108,45371,
762082108,45363,
762122106,45739,
762162108,45323,
762202108,45386,
762242107,45235,
762282108,45668,
762322106,45938,
762362108,46074,
762402108,45475,
762442108,46098,
762482106,45579,
762522108,45475,
762562108,45882,
762602108,46195,
762642108,45083,
762682106,46482,
762722106,44692,
762762108,44924,
762802106,45435,
762842108,45315,
762882107,45267,
762922107,45116,
762962106,44908,
763002108,44573,
763082106,45139,
763122108,44924,
763162108,44812,
763202106,46514,
763242106,45699,
763282106,45419,
763322108,45634,
763362106,45299,
763402107,45858,
763442108,45811,
763482106,45451,
763522108,45307,
763562106,45850,
763602107,44491,
763642106,45938,
763682106,45874,
763722106,45938,
763762108,45714,
763802107,46185,
763842108,44972,
763882106,46721,
763922108,45634,
763962107,46353,
764002107,45546,
764042106,45362,
764082106,45706,
764122108,45706,
764162108,45362,
764202108,45402,
764242106,45234,
764282107,46026,
764322107,46281,
764362106,46057,
764402108,46098,
764442106,45850,
764482106,45410,
764522106,45601,
764562108,45099,
764602106,46375,
764642108,45721,
764682108,45577,
275266813,48949,
764762106,45889,
764802106,45865,
764842108,45377,
764882106,45442,
764922106,45601,
764962106,44482,
765002108,45993,
765042106,45857,
765082108,45489,
765122108,45881,
765162106,45554,
765202106,45009,
765242108,44962,
765282106,45626,
765322106,45816,
765362106,45554,
765402108,45825,
765442106,45825,
765482108,46169,
765522108,44874,
765562108,45130,
765602107,45977,
765642106,45672,
765682108,45242,
765722106,46113,
765762108,44187,
765802106,45042,
765842106,45953,
765882108,45792,
765922107,46369,
765962108,46216,
766002108,44777,
766042108,45266,
766082106,44794,
766122106,46071,
766162108,45648,
766202108,45728,
766242108,46111,
766282106,45816,
766322108,45344,
766362108,45975,
766402106,45218,
766442108,45200,
766482106,44818,
766522106,45577,
766562106,45224,
766602106,45200,
766642106,45312,
766682106,45400,
766722108,45864,
766762106,45321,
766802106,45642,
766842107,46440,
766882106,45144,
766922106,45601,
766962106,45266,
767002108,46281,
767042106,45624,
767082108,45993,
767122108,45913,
767162106,45259,
767202106,45624,
767242108,45624,
767282108,44818,
767322108,45242,
767362107,45368,
767402108,45801,
767442107,44570,
767482106,44770,
767522106,45418,
767562107,45377,
767602106,45521,
767642106,45961,
767682107,45728,
767722108,44163,
767762107,45250,
767802106,45865,
767842106,45865,
767882108,45792,
767922106,46360,
767962106,44729,
768002108,44850,
768042106,45242,
768082108,45673,
768122108,45810,
768162106,45433,
768202106,46504,
768242108,45170,
768282107,44803,
768322106,45810,
768362106,45050,
768402108,44770,
768442106,45377,
768482108,46584,
768522108,45568,
768562108,45344,
768602107,45298,
768642108,45424,
768682108,46575,
768722106,45472,
768762108,44435,
768802108,44897,
2932882176,48956,
768882106,45592,
768922106,44945,
768962108,45969,
769002106,46135,
769042106,44962,
769082106,45568,
769122107,45696,
769162106,44825,
769202107,45640,
769242108,45657,
769282108,45472,
769322107,44913,
769362108,46016,
769402106,46375,
769442106,46239,
769482108,45568,
769522108,46783,
769562108,45568,
769602108,45728,
769642106,45392,
769682108,45919,
769722106,45504,
769762106,44665,
769802106,45288,
769842108,44603,
769882106,45857,
769922107,46193,
769962108,45657,
770002106,45418,
770042106,45545,
770122107,45777,
770162106,45881,
770202106,44715,
770242106,44715,
770282106,45232,
770322106,45433,
770362106,45568,
770402106,46089,
770442106,45721,
770482108,46337,
770562106,46257,
770602106,45370,
770642106,45745,
770682108,45562,
770722108,46177,
770762106,45306,
770802106,45570,
770842108,45514,
770882106,45362,
770922106,45586,
770962108,44994,
771002108,45833,
771042108,46337,
771082108,45945,
771122106,45882,
771162106,45467,
771202106,45314,
771242108,45075,
771282108,45194,
771322108,45810,
771362108,45194,
771402108,45673,
771442108,44667,
771482108,45874,
771522106,45482,
771562106,45889,
771602108,45785,
771642106,45745,
771682108,46065,
771722106,44859,
771762108,44795,
771802106,45610,
771842106,45242,
771882107,46209,
771922106,45226,
771962106,45538,
772002106,45777,
772042106,46250,
772082108,45945,
772122108,45011,
772162106,45306,
772202106,46769,
772242106,45592,
772282106,46369,
772322107,45816,
772362108,44641,
772402107,46249,
772442108,46105,
772482106,45321,
772522108,44977,
772562108,44859,
772602108,45577,
772642108,45282,
772682107,45282,
772722106,44970,
772762106,46081,
772802108,45665,
772842108,44874,
772882106,45975,
772922106,45801,
1277312256,48959,
773002106,45577,
773042108,45394,
773082107,45498,
773122106,45370,
773162106,45442,
773202108,46289,
773242106,45530,
773282107,45568,
773322108,45650,
773362108,44426,
773402106,45442,
773442106,44778,
773482108,45993,
773522106,45026,
773562106,45498,
773602107,44673,
773642106,45913,
773682108,45769,
773722108,45474,
773762106,46896,
773802108,45617,
773842107,45211,
773882108,45288,
773922108,46073,
773962108,45729,
774002107,46185,
774042108,45682,
774082106,45633,
774122108,45002,
774162107,45298,
774202108,45961,
774242108,44803,
774282107,44675,
774322108,45754,
774362108,45794,
774402108,44811,
774442108,46409,
774482106,45762,
774522106,45754,
774562106,45322,
774602108,45826,
774642108,44595,
774682108,45474,
774722106,45570,
774762108,44683,
774802106,45058,
774842106,45106,
774882106,45754,
774922107,46696,
774962108,45586,
775002106,46081,
775042106,45738,
775082106,45738,
775122108,46017,
775162107,44482,
775202106,44699,
775242106,45330,
775282106,45250,
775322108,45250,
775362106,45592,
775402108,44906,
775442108,46016,
775482107,45601,
775522108,46008,
775562106,45218,
775602106,45448,
775642106,45336,
775682108,45344,
775722108,45049,
775762108,45242,
775802106,45280,
775842108,46064,
775882108,44361,
775922107,46025,
775962108,44697,
776002107,44665,
776042106,46311,
776082108,45248,
776122106,45528,
776162106,45392,
776242108,45184,
776282106,45711,
776322106,45224,
776362108,45599,
776402108,46191,
776442108,45280,
776482106,46391,
776522106,45112,
776562107,45408,
776602106,45599,
776642108,45384,
776682106,46279,
776722106,45040,
776762108,44624,
776802106,46191,
776842106,45543,
776882106,45344,
776922106,45543,
776962106,45512,
777002108,45655,
568540427,48959,
777042108,45519,
777122108,46303,
777162106,46239,
777202107,45575,
777282107,44920,
777322106,45615,
777362108,44848,
777402106,45367,
777442106,45224,
777482107,45224,
777522108,45496,
777562108,45655,
777602106,45823,
777642106,44920,
777682106,46430,
777722106,45200,
777762106,44601,
777802108,45543,
777842106,45400,
777882106,44928,
777922106,45848,
777962107,45631,
778002106,45240,
778042108,44704,
778082108,46295,
778122107,44897,
778162107,45479,
778202106,45568,
778242108,45839,
778282108,46535,
778322106,45767,
778362106,45121,
778402108,45105,
778442106,45384,
778482106,45504,
778522108,45169,
778562106,45832,
778602106,46463,
778642108,45224,
778682108,46031,
778722108,45608,
778762108,46167,
778802106,45352,
778842106,45072,
778882108,45049,
778922107,45384,
778962108,45240,
779002106,45352,
779042106,45808,
779082106,45528,
779122108,45967,
779162108,46591,
779202106,45152,
779242106,44913,
779282107,44624,
779322108,45408,
779362108,45647,
779402106,46318,
779442106,45096,
779482108,45288,
779522108,45848,
779562106,45136,
779602106,45591,
779642106,44648,
779682108,45591,
779722106,45479,
779762106,44991,
779802108,45000,
779842108,45615,
779882106,45615,
779922106,45807,
779962108,45504,
780002107,45184,
780042106,45032,
780082108,44856,
780122108,46054,
780162108,45951,
780202106,45599,
780242106,45799,
780282107,45095,
780322106,45958,
780362108,45487,
780402108,46102,
780442106,45431,
780482106,45622,
780522108,45222,
780562106,46494,
780602108,45519,
780642106,45159,
780682108,45398,
780722108,45103,
780762108,45758,
780802108,45855,
780842106,45886,
780882107,45383,
780922108,45934,
780962108,44983,
781002106,45151,
781042106,44887,
781082107,45510,
781122108,45454,
4141104393,48958,
781162108,45726,
781242108,45191,
781282107,45128,
781322106,45975,
781362108,45398,
781402108,45982,
781442107,45535,
781482108,46229,
781522106,45583,
781562106,45118,
781602108,45911,
781642108,45710,
781682108,45286,
781722106,45351,
781762107,45543,
781802106,45655,
781842107,45199,
781882106,45342,
781922108,46397,
781962107,46069,
782002108,46061,
782042108,45870,
782082106,45431,
782122106,45750,
782162106,45494,
782202108,45894,
782242108,45982,
782282106,45685,
782322106,45685,
782362106,46046,
782402108,47004,
782442107,45766,
782482108,44734,
782522106,44863,
782562108,45230,
782602108,45774,
782642108,45446,
782682108,45878,
782722107,45701,
782762106,45886,
782802106,45598,
782842107,45174,
782882108,45909,
782922106,45294,
782962107,45566,
783002108,45398,
783042108,46157,
783082106,45980,
783122106,46389,
783162107,44630,
783202108,45934,
783242108,45286,
783282106,45886,
783322108,46036,
783362106,45493,
783402106,45693,
783442108,46061,
783482106,45805,
783522106,45102,
783562106,45934,
783602106,45566,
783642106,45461,
783682106,46588,
783722106,44806,
783762108,45790,
783802106,45637,
783842106,45014,
783882106,45141,
783922107,45652,
783962108,44981,
784002106,46013,
784042108,44686,
784082108,45365,
784122106,45461,
784162107,45158,
784202108,45382,
784242108,45158,
784282106,45222,
784322108,44630,
784362107,45581,
784402106,46237,
784442107,45357,
784482107,45405,
784522106,45645,
784562106,45245,
784602108,45533,
784642108,46021,
784682106,45517,
784722108,45517,
784762106,45446,
784802108,45005,
784842108,46364,
784882106,45022,
784922108,45485,
784962106,45117,
785002106,45669,
785042108,45597,
785082106,46068,
785122106,45685,
785162108,45022,
785202106,46389,
785242106,44750,
785282108,44566,
4201659659,48960,
785362108,45477,
785402108,44742,
2273806215,34695,
785482106,45565,
785522106,46380,
785562106,45173,
785602107,45876,
785642106,46300,
785682106,44902,
785722108,45517,
785762107,45453,
785802106,46148,
785842107,45205,
785882106,45773,
785922106,45573,
785962108,45741,
786002106,45541,
786042106,45292,
786082106,45708,
786122106,45692,
786162106,45126,
786202106,45781,
786242108,46212,
786282108,44942,
786322106,44757,
786362107,45557,
786402106,45565,
786442107,44949,
786482106,45597,
786522106,45685,
786562107,44510,
786602106,45182,
786642106,45812,
786682108,45022,
786722107,45014,
786762106,45693,
786802106,45820,
786842106,44686,
786882106,46085,
786922106,45885,
786962108,45812,
787002106,45597,
787042108,44590,
787082108,45644,
787122106,45644,
787162108,45677,
787202108,46068,
787242108,45733,
787282106,44949,
787322108,45147,
787362108,45677,
787402108,46124,
787442106,46061,
787482108,45509,
787522108,44788,
787562107,45708,
787602106,45333,
787642108,45501,
787682107,46099,
787722108,45547,
787762106,46131,
787802106,45771,
787842108,45445,
787882108,44260,
787922106,45068,
787962106,45259,
788002108,45244,
788042108,45100,
788082106,45819,
788122108,46051,
788162108,45189,
788202108,45524,
788242108,46658,
788282106,44182,
788322106,45292,
788362106,45315,
788402106,44932,
788442106,45613,
788482106,45787,
788522106,44876,
788562106,45044,
788602107,45445,
788642106,45677,
788682108,44861,
788722107,46019,
788762108,46035,
788802106,45315,
788842106,45899,
788882106,45533,
788922108,45725,
788962106,45963,
789002108,45725,
789042108,45029,
789082106,45659,
789122106,44734,
789162107,45812,
789202107,45267,
789242106,45037,
789282107,45980,
789322107,45453,
789362106,44917,
789402108,45868,
3121888517,48956,
789482106,45548,
789522106,45341,
789562106,44861,
789602106,45949,
789642108,44590,
789682106,44869,
789722106,45717,
789762106,45046,
789802106,44685,
789842106,45669,
789882107,46356,
789922106,45693,
789962108,45070,
790002106,45126,
790042108,46436,
790082106,45022,
790122107,46021,
790162108,45573,
790202107,45390,
790242108,46292,
790282108,45685,
790322107,45868,
790362108,45533,
790402108,45525,
790442108,46092,
790482108,45245,
790522108,44774,
790562106,45853,
790602106,44886,
790642106,44327,
790682106,45885,
790722108,45844,
790762106,45549,
790802106,45949,
790842108,45557,
790882108,45629,
790922108,45173,
790962107,45214,
791002106,45461,
791042106,45637,
791082106,45773,
791122107,46771,
791162108,45149,
791202106,46603,
791242108,46100,
791282106,44757,
791322106,45661,
791362106,44934,
791402106,45461,
791442106,45238,
791482106,45941,
791522107,45501,
791562106,44910,
791602106,45349,
791642106,44886,
791682106,46189,
791722106,44750,
791762108,45062,
791802108,44638,
791842106,45085,
791882106,45085,
791922108,45501,
791962106,46036,
792002108,44783,
792042106,46260,
792082108,45301,
792122106,45134,
792162108,45390,
792202106,45773,
792242106,46364,
792282108,44439,
792322106,45029,
792362106,45725,
792402106,45342,
792442108,45390,
792482106,45749,
792522108,45645,
792562106,45270,
792602106,45701,
792642108,45917,
792682108,44917,
792722106,45629,
792762106,45517,
792802108,45158,
792842108,45837,
792882106,45341,
792922106,45893,
792962106,46468,
793002106,44838,
793042106,45652,
793082106,45549,
793122106,46836,
793162108,45565,
793202107,45197,
793242106,45756,
793282106,46019,
793322106,45837,
793362106,46330,
793402108,45795,
793442106,45533,
793482106,45421,
4055973127,48965,
793562107,45539,
793602108,45636,
793642108,45707,
793682106,45483,
793722106,45589,
793762107,45267,
793802107,45443,
793842106,45189,
793882106,45003,
793922108,45211,
793962106,44900,
794002108,45516,
794042107,45412,
794082106,45707,
794122108,45379,
794162106,45419,
794202106,45483,
794242108,45595,
794282106,45595,
794322106,44612,
794362108,46099,
794402108,45435,
794442106,45339,
794482106,45899,
794522108,45124,
794562108,45371,
794602106,45412,
794642106,45363,
794682106,45610,
794722106,45195,
794762108,44956,
794802106,45643,
794842108,45084,
794882107,44500,
794922107,44405,
794962106,45387,
795002106,46147,
795042106,45771,
795082108,46467,
795122108,45211,
795162108,45843,
795202106,45979,
795242106,45939,
795282107,46274,
795322106,45931,
795362108,45531,
795402108,46355,
795442108,45451,
795482106,45171,
795522108,46322,
795562108,45603,
795602108,45259,
795642108,45315,
795682108,45691,
795722106,44636,
795762106,45427,
795802108,45443,
795842108,44908,
795882108,45171,
795922106,45395,
795962107,45572,
796002108,45475,
796042106,45554,
796082106,45538,
796122106,46633,
796162108,45794,
1027423549,15677,
796242106,44843,
796282106,45842,
796322106,45307,
796362107,46034,
796402107,45067,
796442106,45091,
796482108,45243,
796522108,46186,
796562108,45091,
796602108,44364,
796642108,45762,
796682108,45762,
796722108,45371,
796762106,45290,
796802106,44587,
796842106,45458,
796882106,44915,
796922106,45427,
796962108,46193,
797002108,45419,
797042107,45458,
797082108,45523,
797122108,45338,
797162106,46002,
797202108,45338,
797242106,45315,
797282108,45922,
797322106,45411,
797362106,45427,
797402107,45067,
797442108,46098,
797482106,45299,
797522106,45195,
797562108,45043,
3523493126,48965,
797642106,45475,
797682106,44547,
797722108,45546,
797762107,45706,
797802108,45562,
797842107,45794,
797882107,46042,
797922108,44964,
797962108,45290,
